Environment:
	Python: 3.6.8
	PyTorch: 1.7.1
	Torchvision: 0.8.2
	CUDA: 10.2
	CUDNN: 7605
	NumPy: 1.19.5
	PIL: 8.3.2
Args:
	algorithm: IB_ERM
	checkpoint_freq: None
	data_dir: ./domainbed/data/MNIST
	dataset: ColoredMNIST
	holdout_fraction: 0.2
	hparams: None
	hparams_seed: 5
	output_dir: ./sweep_ib_cmnist/2255f1b5eb9a69c01f0bda2374234661
	save_model_every_checkpoint: False
	seed: 1654155624
	skip_model_save: False
	steps: None
	task: domain_generalization
	test_envs: [1, 2]
	trial_seed: 0
	uda_holdout_fraction: 0
HParams:
	batch_size: 39
	class_balanced: False
	data_augmentation: True
	ib_lambda: 3.2917587403931643
	ib_penalty_anneal_iters: 592
	lr: 0.00023968517445719083
	nonlinear_classifier: False
	resnet18: False
	resnet_dropout: 0.5
	weight_decay: 0.0
IB_penalty    env0_in_acc   env0_out_acc  env1_in_acc   env1_out_acc  env2_in_acc   env2_out_acc  epoch         loss          mem_gb        nll           step          step_time    
0.0201523248  0.5003214056  0.5002143163  0.4882412814  0.4912130304  0.4968125569  0.4935705101  0.0000000000  0.7290658951  0.0602536201  0.7290658951  0             0.3193066120 
0.1591099787  0.9019177202  0.9031290184  0.8029678041  0.7968281183  0.0995339369  0.0951564509  0.2089248406  0.3340816173  0.0644063950  0.3340816173  100           0.0605693865 
0.1664974079  0.9019177202  0.9031290184  0.8029678041  0.7968281183  0.0995339369  0.0951564509  0.4178496813  0.3220682393  0.0644063950  0.3220682393  200           0.0358923054 
0.1666592515  0.9019177202  0.9031290184  0.8029678041  0.7968281183  0.0995339369  0.0951564509  0.6267745219  0.3033739403  0.0644063950  0.3033739403  300           0.0326201725 
0.1572691295  0.9019177202  0.9031290184  0.8029678041  0.7968281183  0.0995339369  0.0951564509  0.8356993625  0.3031605683  0.0644063950  0.3031605683  400           0.0303901982 
0.1487075451  0.9019177202  0.9031290184  0.8029678041  0.7968281183  0.0995339369  0.0951564509  1.0446242031  0.3073517846  0.0644063950  0.3073517846  500           0.0319613552 
0.1386024049  0.9011142061  0.9014144878  0.8023249585  0.7959708530  0.1010874806  0.0970852979  1.2535490438  0.3367360262  0.0644063950  0.3367360262  600           0.0314041638 
0.0236339023  0.9019177202  0.9031290184  0.8029678041  0.7968281183  0.0995339369  0.0951564509  1.4624738844  0.4213835585  0.0644063950  0.4213835585  700           0.0335016227 
0.0173790543  0.9019177202  0.9031290184  0.8029678041  0.7968281183  0.0995339369  0.0951564509  1.6713987250  0.3904788099  0.0644063950  0.3904788099  800           0.0721930385 
0.0151992673  0.9019177202  0.9031290184  0.8029678041  0.7968281183  0.0995339369  0.0951564509  1.8803235657  0.3761379541  0.0644063950  0.3761379541  900           0.0610543847 
0.0131699413  0.9019177202  0.9031290184  0.8029678041  0.7968281183  0.0995339369  0.0951564509  2.0892484063  0.3638512555  0.0644063950  0.3638512555  1000          0.0677228713 
0.0116319451  0.9019177202  0.9031290184  0.8029678041  0.7968281183  0.0995339369  0.0951564509  2.2981732469  0.3460914901  0.0644063950  0.3460914901  1100          0.0656863952 
0.0108411308  0.9019177202  0.9031290184  0.8029678041  0.7968281183  0.0995339369  0.0951564509  2.5070980875  0.3431059647  0.0644063950  0.3431059647  1200          0.0487869334 
0.0102990952  0.9019177202  0.9031290184  0.8029678041  0.7968281183  0.0995339369  0.0951564509  2.7160229282  0.3367016308  0.0644063950  0.3367016308  1300          0.0517879438 
0.0098472493  0.9019177202  0.9031290184  0.8029678041  0.7968281183  0.0995339369  0.0951564509  2.9249477688  0.3170713061  0.0644063950  0.3170713061  1400          0.0505628920 
0.0086556636  0.9019177202  0.9031290184  0.8029678041  0.7968281183  0.0995339369  0.0951564509  3.1338726094  0.3327644899  0.0644063950  0.3327644899  1500          0.0603374743 
0.0086285469  0.9019177202  0.9031290184  0.8029678041  0.7968281183  0.0995339369  0.0951564509  3.3427974500  0.3215162072  0.0644063950  0.3215162072  1600          0.0336416364 
0.0079575185  0.9019177202  0.9031290184  0.8029142337  0.7968281183  0.0996410778  0.0955850836  3.5517222907  0.3155948752  0.0644063950  0.3155948752  1700          0.0361483264 
0.0072319156  0.9019177202  0.9031290184  0.8029678041  0.7968281183  0.0995339369  0.0951564509  3.7606471313  0.3343913002  0.0644063950  0.3343913002  1800          0.0363642669 
0.0076653779  0.9019177202  0.9031290184  0.8029678041  0.7968281183  0.0995339369  0.0951564509  3.9695719719  0.3127218653  0.0644063950  0.3127218653  1900          0.0307476711 
0.0071938258  0.9019177202  0.9031290184  0.8029678041  0.7968281183  0.0995339369  0.0951564509  4.1784968126  0.3093653317  0.0644063950  0.3093653317  2000          0.0340096736 
0.0063260678  0.9019177202  0.9031290184  0.8029678041  0.7968281183  0.0995339369  0.0951564509  4.3874216532  0.3231086962  0.0644063950  0.3231086962  2100          0.0693959618 
0.0064760228  0.9019177202  0.9031290184  0.8029678041  0.7968281183  0.0995875074  0.0951564509  4.5963464938  0.3104571764  0.0644063950  0.3104571764  2200          0.0735216165 
0.0059040044  0.9013820441  0.9018431204  0.8027535223  0.7966138020  0.1021588900  0.0981568796  4.8052713344  0.3292510623  0.0644063950  0.3292510623  2300          0.0635102487 
0.0056891032  0.9019712878  0.9031290184  0.8029678041  0.7968281183  0.0995339369  0.0955850836  5.0141961751  0.3258509846  0.0644063950  0.3258509846  2400          0.0699280334 
0.0060139774  0.9019177202  0.9031290184  0.8029678041  0.7968281183  0.0995339369  0.0951564509  5.2231210157  0.3029877874  0.0644063950  0.3029877874  2500          0.0599344778 
0.0059232272  0.9019177202  0.9031290184  0.8030213746  0.7966138020  0.0996410778  0.0951564509  5.4320458563  0.3001570900  0.0644063950  0.3001570900  2600          0.0442487025 
0.0057577821  0.9019177202  0.9031290184  0.8029678041  0.7968281183  0.0995339369  0.0951564509  5.6409706970  0.2945264012  0.0644063950  0.2945264012  2700          0.0670626926 
0.0052871863  0.9001499893  0.9012001715  0.8015749719  0.7953279040  0.1165157765  0.1103729104  5.8498955376  0.3025145897  0.0644063950  0.3025145897  2800          0.0531881380 
0.0052634982  0.9019177202  0.9031290184  0.8029678041  0.7968281183  0.0995875074  0.0951564509  6.0588203782  0.3146834770  0.0644063950  0.3146834770  2900          0.0627089095 
0.0054132584  0.9019177202  0.9031290184  0.8029678041  0.7968281183  0.0995339369  0.0951564509  6.2677452188  0.2982097077  0.0644063950  0.2982097077  3000          0.0317973423 
0.0050475574  0.9019177202  0.9031290184  0.8029678041  0.7968281183  0.0995339369  0.0951564509  6.4766700595  0.2974035439  0.0644063950  0.2974035439  3100          0.0330345082 
0.0050372569  0.9019177202  0.9031290184  0.8029678041  0.7968281183  0.0995339369  0.0951564509  6.6855949001  0.2944954686  0.0644063950  0.2944954686  3200          0.0308637595 
0.0049664800  0.8994536105  0.8949849979  0.8013606900  0.7966138020  0.1228370922  0.1223746249  6.8945197407  0.2920907731  0.0644063950  0.2920907731  3300          0.0322984171 
0.0048029582  0.9019177202  0.9029147021  0.8029678041  0.7968281183  0.0996946483  0.0953707673  7.1034445813  0.3043182263  0.0644063950  0.3043182263  3400          0.0318930459 
0.0046108339  0.9023998286  0.9029147021  0.8030749451  0.7959708530  0.1009267692  0.0975139306  7.3123694220  0.3006750841  0.0644063950  0.3006750841  3500          0.1437890983 
0.0051807365  0.9018105850  0.9029147021  0.8028070927  0.7959708530  0.1022660310  0.0990141449  7.5212942626  0.2694435516  0.0644063950  0.2694435516  3600          0.0649736452 
0.0045524375  0.9019177202  0.9031290184  0.8029678041  0.7968281183  0.0995339369  0.0951564509  7.7302191032  0.2881162988  0.0644063950  0.2881162988  3700          0.0552990675 
0.0045446500  0.9022391258  0.9033433348  0.8029678041  0.7966138020  0.0999625007  0.0951564509  7.9391439439  0.2932577331  0.0644063950  0.2932577331  3800          0.0636205792 
0.0043367289  0.9025069638  0.9014144878  0.8028070927  0.7974710673  0.1024803129  0.0979425632  8.1480687845  0.2887360708  0.0644063950  0.2887360708  3900          0.0485554743 
0.0041514712  0.9026140990  0.9027003858  0.8026999518  0.7961851693  0.1037660042  0.1011573082  8.3569936251  0.3029995539  0.0644063950  0.3029995539  4000          0.0437815642 
0.0042878409  0.9019712878  0.9031290184  0.8028606632  0.7963994856  0.0998017893  0.0951564509  8.5659184657  0.2838521983  0.0644063950  0.2838521983  4100          0.0465088058 
0.0044341825  0.9019177202  0.9031290184  0.8029678041  0.7968281183  0.0995339369  0.0951564509  8.7748433064  0.2758492515  0.0644063950  0.2758492515  4200          0.0577107906 
0.0046646606  0.9024533962  0.9033433348  0.8030213746  0.7961851693  0.1008731987  0.0970852979  8.9837681470  0.2630952298  0.0644063950  0.2630952298  4300          0.0701023602 
0.0040551570  0.9025605314  0.9037719674  0.8027535223  0.7963994856  0.1013553329  0.0975139306  9.1926929876  0.2844825861  0.0644063950  0.2844825861  4400          0.0295734859 
0.0042641482  0.9043282623  0.9001285898  0.8029142337  0.7963994856  0.1066052392  0.1005143592  9.4016178283  0.2778619853  0.0644063950  0.2778619853  4500          0.0314023709 
0.0043311631  0.9042746947  0.9014144878  0.8027535223  0.7966138020  0.1161943537  0.1103729104  9.6105426689  0.2704276214  0.0644063950  0.2704276214  4600          0.0280376768 
0.0042890042  0.9041139919  0.9018431204  0.8024320994  0.7970424346  0.1066052392  0.0994427775  9.8194675095  0.2735354909  0.0644063950  0.2735354909  4700          0.0288036942 
0.0043040703  0.9042211271  0.9039862838  0.8007178443  0.7968281183  0.1123372797  0.1063009001  10.028392350  0.2649534050  0.0644063950  0.2649534050  4800          0.0275422955 
0.0042249422  0.9077565888  0.8973424775  0.8002892805  0.7944706387  0.1289441260  0.1204457780  10.237317190  0.2603298587  0.0644063950  0.2603298587  4900          0.1227012753 
0.0042440489  0.9043282623  0.9029147021  0.8021106766  0.7951135877  0.1071409439  0.0990141449  10.446242031  0.2620887359  0.0644063950  0.2620887359  5000          0.0621731997 
