Environment:
	Python: 3.6.8
	PyTorch: 1.7.1
	Torchvision: 0.8.2
	CUDA: 10.2
	CUDNN: 7605
	NumPy: 1.19.5
	PIL: 8.3.2
Args:
	algorithm: IB_ERM
	checkpoint_freq: None
	data_dir: ./domainbed/data/MNIST
	dataset: ColoredMNIST
	holdout_fraction: 0.2
	hparams: None
	hparams_seed: 7
	output_dir: ./sweep_ib_cmnist/ffe121d19cc63ea0e0dbdda9eb672957
	save_model_every_checkpoint: False
	seed: 936786168
	skip_model_save: False
	steps: None
	task: domain_generalization
	test_envs: [2]
	trial_seed: 1
	uda_holdout_fraction: 0
HParams:
	batch_size: 52
	class_balanced: False
	data_augmentation: True
	ib_lambda: 25.07081210189465
	ib_penalty_anneal_iters: 2277
	lr: 0.0029879335085287863
	nonlinear_classifier: False
	resnet18: False
	resnet_dropout: 0.5
	weight_decay: 0.0
IB_penalty    env0_in_acc   env0_out_acc  env1_in_acc   env1_out_acc  env2_in_acc   env2_out_acc  epoch         loss          mem_gb        nll           step          step_time    
0.0153049454  0.4896614528  0.4892841835  0.4945625971  0.4972138877  0.4989018053  0.4907843978  0.0000000000  0.7003260851  0.1590876579  0.7003260851  0             0.1295173168 
0.2284857997  0.8997214485  0.9112730390  0.8031285156  0.7989712816  0.0970696952  0.0990141449  0.2785664542  0.4788050072  0.1632404327  0.4788050072  100           0.0951804447 
0.2550773945  0.8997214485  0.9112730390  0.8031285156  0.7989712816  0.0970696952  0.0990141449  0.5571329083  0.4153082907  0.1632404327  0.4153082907  200           0.0897412324 
0.2301932488  0.8997214485  0.9112730390  0.8031285156  0.7989712816  0.0970696952  0.0990141449  0.8356993625  0.4262479407  0.1632404327  0.4262479407  300           0.0928881645 
0.2262976258  0.8997214485  0.9112730390  0.8031285156  0.7989712816  0.0970696952  0.0990141449  1.1142658167  0.4239203149  0.1632404327  0.4239203149  400           0.0804969168 
0.2064526485  0.8997214485  0.9112730390  0.8031285156  0.7989712816  0.0970696952  0.0990141449  1.3928322709  0.4186659136  0.1632404327  0.4186659136  500           0.0996394515 
0.1900642985  0.8997214485  0.9112730390  0.8031285156  0.7989712816  0.0970696952  0.0990141449  1.6713987250  0.4075357059  0.1632404327  0.4075357059  600           0.0536106968 
0.1593909359  0.8997214485  0.9112730390  0.8031285156  0.7989712816  0.0970696952  0.0990141449  1.9499651792  0.4129198313  0.1632404327  0.4129198313  700           0.0539807200 
0.1539745700  0.8996678809  0.9110587227  0.8032892270  0.7985426489  0.0979803932  0.0994427775  2.2285316334  0.4141706240  0.1632404327  0.4141706240  800           0.0544323397 
0.1466068842  0.8987572316  0.9095585084  0.8032892270  0.7983283326  0.1011410511  0.1041577368  2.5070980875  0.4091332850  0.1632404327  0.4091332850  900           0.0530353403 
0.1378840097  0.8997214485  0.9112730390  0.8031285156  0.7989712816  0.0970696952  0.0990141449  2.7856645417  0.4152972203  0.1632404327  0.4152972203  1000          0.1191092944 
0.1378043144  0.8997214485  0.9112730390  0.8031285156  0.7989712816  0.0970696952  0.0990141449  3.0642309959  0.4094752446  0.1632404327  0.4094752446  1100          0.0849381852 
0.1154553787  0.8997214485  0.9112730390  0.8031285156  0.7989712816  0.0970696952  0.0990141449  3.3427974500  0.3947847192  0.1632404327  0.3947847192  1200          0.0721825385 
0.1078445438  0.8997750161  0.9108444063  0.8032356565  0.7987569653  0.0972304066  0.0992284612  3.6213639042  0.3969782922  0.1632404327  0.3969782922  1300          0.0920411372 
0.0995258224  0.8987572316  0.9110587227  0.8030213746  0.7989712816  0.1014089034  0.1026575225  3.8999303584  0.3838942052  0.1632404327  0.3838942052  1400          0.0880970383 
0.0916151904  0.8997214485  0.9112730390  0.8031285156  0.7989712816  0.0970696952  0.0990141449  4.1784968126  0.3902643353  0.1632404327  0.3902643353  1500          0.0882692528 
0.0975176305  0.8997214485  0.9112730390  0.8031285156  0.7989712816  0.0970696952  0.0990141449  4.4570632667  0.3651641822  0.1632404327  0.3651641822  1600          0.0785365343 
0.0875772627  0.8995071781  0.9110587227  0.8031285156  0.7989712816  0.0975518294  0.1000857265  4.7356297209  0.3790993394  0.1632404327  0.3790993394  1700          0.0546164870 
0.0808878908  0.8996143133  0.9110587227  0.8030213746  0.7991855979  0.0972839771  0.0990141449  5.0141961751  0.3731507105  0.1632404327  0.3731507105  1800          0.0507697630 
0.0805548250  0.8991857724  0.9110587227  0.8028606632  0.7987569653  0.0991053731  0.1003000429  5.2927626292  0.3770697810  0.1632404327  0.3770697810  1900          0.0509175992 
0.0747831952  0.8995607457  0.9110587227  0.8031820860  0.7987569653  0.0979268227  0.1003000429  5.5713290834  0.3705902824  0.1632404327  0.3705902824  2000          0.0535009837 
0.0767222505  0.8993464753  0.9102014574  0.8028070927  0.7998285469  0.0987303798  0.0998714102  5.8498955376  0.3780682795  0.1632404327  0.3780682795  2100          0.1003131247 
0.0834773289  0.8991322048  0.9108444063  0.8029678041  0.7993999143  0.1005517759  0.1003000429  6.1284619918  0.3716258761  0.1632404327  0.3716258761  2200          0.0900705719 
0.0674233834  0.8937754446  0.9048435491  0.8014678309  0.7972567510  0.1228370922  0.1230175739  6.4070284459  0.4595891184  0.1632404327  0.4595891184  2300          0.0811738753 
0.0024916808  0.8991857724  0.9102014574  0.8027535223  0.7998285469  0.1000696416  0.1015859408  6.6855949001  0.4730395982  0.1632404327  0.4730395982  2400          0.0767766356 
0.0015177446  0.8980608528  0.9102014574  0.8024856699  0.7976853836  0.1063373868  0.1069438491  6.9641613543  0.4216329646  0.1632404327  0.4216329646  2500          0.0837822628 
0.0011794453  0.8996678809  0.9114873553  0.8031285156  0.7983283326  0.0994267960  0.1013716245  7.2427278084  0.4106414458  0.1632404327  0.4106414458  2600          0.0915846920 
0.0010177328  0.8932933362  0.8984140592  0.8017356833  0.7970424346  0.1305512402  0.1371624518  7.5212942626  0.3922065410  0.1632404327  0.3922065410  2700          0.0937398362 
0.0008510377  0.8995071781  0.9095585084  0.8028070927  0.7987569653  0.1011410511  0.1022288898  7.7998607168  0.3908108437  0.1632404327  0.3908108437  2800          0.0531247497 
0.0007810542  0.8914184701  0.8994856408  0.8001821396  0.7951135877  0.1434081534  0.1427346764  8.0784271709  0.3928166375  0.1632404327  0.3928166375  2900          0.0516103601 
0.0007000187  0.8920077137  0.9016288041  0.8022178175  0.7970424346  0.1386403814  0.1354479211  8.3569936251  0.3934811065  0.1632404327  0.3934811065  3000          0.0564945436 
0.0006580944  0.8995071781  0.9102014574  0.8031820860  0.7978997000  0.1023731719  0.1043720532  8.6355600793  0.3857818349  0.1632404327  0.3857818349  3100          0.0549478054 
0.0006210775  0.8988107992  0.9102014574  0.8032892270  0.7981140163  0.1074623667  0.1101585941  8.9141265335  0.3911505777  0.1632404327  0.3911505777  3200          0.1237194037 
0.0005813760  0.8965073923  0.9050578654  0.8034499384  0.7983283326  0.1228370922  0.1213030433  9.1926929876  0.3785204184  0.1632404327  0.3785204184  3300          0.0816030908 
0.0005670244  0.8997750161  0.9104157737  0.8026463813  0.7972567510  0.1031231585  0.1043720532  9.4712594418  0.3740952764  0.1632404327  0.3740952764  3400          0.0876232076 
0.0005438486  0.8997750161  0.9110587227  0.8028070927  0.7974710673  0.1006053463  0.1030861552  9.7498258960  0.3763431472  0.1632404327  0.3763431472  3500          0.0855537534 
0.0004812819  0.8946860939  0.9020574368  0.8046284888  0.7976853836  0.1292119784  0.1281611659  10.028392350  0.3766673437  0.1632404327  0.3766673437  3600          0.0839227509 
0.0004669638  0.8948467967  0.9012001715  0.8025928108  0.7993999143  0.1283012803  0.1292327475  10.306958804  0.3790690161  0.1632404327  0.3790690161  3700          0.0839584637 
0.0004481684  0.8992929076  0.9108444063  0.8037713612  0.7985426489  0.1032302995  0.1065152165  10.585525258  0.3743756002  0.1632404327  0.3743756002  3800          0.0695743179 
0.0004582380  0.8935611742  0.8975567938  0.8034499384  0.7972567510  0.1366047035  0.1371624518  10.864091712  0.3630619919  0.1632404327  0.3630619919  3900          0.0812041759 
0.0004168672  0.8930254982  0.8984140592  0.8021106766  0.7944706387  0.1423903145  0.1468066867  11.142658166  0.3759892023  0.1632404327  0.3759892023  4000          0.0518816447 
0.0004157553  0.8970966360  0.9063437634  0.8046820592  0.7951135877  0.1223013875  0.1219459923  11.421224621  0.3726916024  0.1632404327  0.3726916024  4100          0.0500143480 
0.0003985617  0.8995607457  0.9104157737  0.8037177908  0.7983283326  0.1032838699  0.1037291042  11.699791075  0.3637144285  0.1632404327  0.3637144285  4200          0.0467750931 
0.0003964976  0.8981144204  0.9048435491  0.8039320726  0.7961851693  0.1150693738  0.1168024003  11.978357529  0.3627513333  0.1632404327  0.3627513333  4300          0.0448420739 
0.0003790721  0.8905613885  0.8919845692  0.8062891734  0.7957565366  0.1630685166  0.1611658808  12.256923983  0.3630726908  0.1632404327  0.3630726908  4400          0.1998152471 
0.0003773936  0.8914184701  0.8990570081  0.8066105962  0.7955422203  0.1485509187  0.1487355336  12.535490437  0.3585929255  0.1632404327  0.3585929255  4500          0.1149648762 
0.0003550040  0.8723484037  0.8701243035  0.8030213746  0.7880411487  0.2506026678  0.2554650664  12.814056891  0.3668213707  0.1632404327  0.3668213707  4600          0.0907958794 
0.0003585535  0.8924362546  0.8964852122  0.8112712273  0.7940420060  0.1633363690  0.1607372482  13.092623346  0.3557197827  0.1632404327  0.3557197827  4700          0.0946163654 
0.0003283200  0.8973644740  0.8992713245  0.8091819789  0.7968281183  0.1396582204  0.1384483498  13.371189800  0.3660398585  0.1632404327  0.3660398585  4800          0.0862435961 
0.0003411319  0.8972573388  0.9003429061  0.8081105695  0.7933990570  0.1393367976  0.1378054008  13.649756254  0.3562189303  0.1632404327  0.3562189303  4900          0.1081619644 
0.0003444011  0.8993464753  0.9080582940  0.8068784486  0.7970424346  0.1125515616  0.1157308187  13.928322708  0.3472603336  0.1632404327  0.3472603336  5000          0.0559166574 
