Environment:
	Python: 3.6.8
	PyTorch: 1.7.1
	Torchvision: 0.8.2
	CUDA: 10.2
	CUDNN: 7605
	NumPy: 1.19.5
	PIL: 8.3.2
Args:
	algorithm: IB_ERM
	checkpoint_freq: None
	data_dir: ./domainbed/data/MNIST
	dataset: ColoredMNIST
	holdout_fraction: 0.2
	hparams: None
	hparams_seed: 5
	output_dir: ./sweep_ib_cmnist/6feb7a697b8c205be90fd87ab05d0524
	save_model_every_checkpoint: False
	seed: 1067758236
	skip_model_save: False
	steps: None
	task: domain_generalization
	test_envs: [1]
	trial_seed: 1
	uda_holdout_fraction: 0
HParams:
	batch_size: 257
	class_balanced: False
	data_augmentation: True
	ib_lambda: 22.195750868873436
	ib_penalty_anneal_iters: 212
	lr: 0.0002046200753543356
	nonlinear_classifier: False
	resnet18: False
	resnet_dropout: 0.1
	weight_decay: 0.0
IB_penalty    env0_in_acc   env0_out_acc  env1_in_acc   env1_out_acc  env2_in_acc   env2_out_acc  epoch         loss          mem_gb        nll           step          step_time    
0.0251024533  0.4946968074  0.4907843978  0.5011517651  0.4841405915  0.4950447313  0.4991427347  0.0000000000  0.6983134747  0.7850537300  0.6983134747  0             0.2630162239 
0.0367500025  0.6272230555  0.6279468495  0.6256495420  0.6159451350  0.6318637167  0.6352336048  1.3767611293  0.6785146338  0.7892069817  0.6785146338  100           0.1292104101 
0.0275724116  0.7063424041  0.7025289327  0.7022017464  0.6967423918  0.7077730755  0.7151735962  2.7535222585  0.6294622266  0.7892069817  0.6294622266  200           0.1283332992 
0.0042901643  0.7087529462  0.7027432490  0.7015053303  0.7023146164  0.6922912091  0.6978139734  4.1302833878  0.6928437251  0.7892069817  0.6928437251  300           0.0932012987 
0.0009529272  0.6924148275  0.6870981569  0.6848449135  0.6873124732  0.6771843360  0.6804543506  5.5070445171  0.6667409879  0.7892069817  0.6667409879  400           0.0946522546 
0.0011145983  0.7246089565  0.7237462495  0.7221299620  0.7188169739  0.7156479349  0.7211744535  6.8838056463  0.6523267817  0.7892069817  0.6523267817  500           0.0937054729 
0.0011243203  0.7223055496  0.7226746678  0.7211656935  0.7141020146  0.7203085659  0.7297471067  8.2605667756  0.6437525320  0.7892069817  0.6437525320  600           0.1826723242 
0.0011458187  0.7272337690  0.7222460351  0.7251834789  0.7183883412  0.7228799486  0.7325332190  9.6373279049  0.6356754005  0.7892069817  0.6356754005  700           0.1176564717 
0.0011752739  0.7293764731  0.7218174025  0.7255049017  0.7216030862  0.7304333851  0.7391770253  11.014089034  0.6243940836  0.7892069817  0.6243940836  800           0.1369433641 
0.0011275113  0.7248767945  0.7132447492  0.7196657203  0.7209601372  0.7298441099  0.7389627090  12.390850163  0.6192279905  0.7892069817  0.6192279905  900           0.1174927950 
0.0011098393  0.7294300407  0.7228889841  0.7256656131  0.7196742392  0.7273262977  0.7312473210  13.767611292  0.6146903098  0.7892069817  0.6146903098  1000          0.1228476191 
0.0010521058  0.7298050139  0.7181740249  0.7208978411  0.7186026575  0.7258798950  0.7282468924  15.144372421  0.6117383575  0.7892069817  0.6117383575  1100          0.1208941507 
0.0010511974  0.7425005357  0.7286755251  0.7332726201  0.7303900557  0.7268977340  0.7348906987  16.521133551  0.6058076298  0.7892069817  0.6058076298  1200          0.1217942095 
0.0010213899  0.7447503750  0.7323189027  0.7377189693  0.7310330047  0.7245942037  0.7291041577  17.897894680  0.6023404253  0.7892069817  0.6023404253  1300          0.1216016674 
0.0010157956  0.7372509106  0.7233176168  0.7289334119  0.7241748821  0.7399153587  0.7481783112  19.274655809  0.5977342951  0.7892069817  0.5977342951  1400          0.0888172531 
0.0010464544  0.7450182130  0.7291041577  0.7320940697  0.7276039434  0.7343440296  0.7346763823  20.651416939  0.5894160402  0.7892069817  0.5894160402  1500          0.0891012311 
0.0010479524  0.7435183201  0.7222460351  0.7288262710  0.7237462495  0.7309155194  0.7235319331  22.028178068  0.5861332327  0.7892069817  0.5861332327  1600          0.0912221265 
0.0010622888  0.7564816799  0.7239605658  0.7320940697  0.7207458208  0.7385760969  0.7276039434  23.404939197  0.5798266202  0.7892069817  0.5798266202  1700          0.1745152879 
0.0011081796  0.7366080994  0.6965280754  0.7091123373  0.7078868410  0.7577543258  0.7340334333  24.781700326  0.5734734821  0.7892069817  0.5734734821  1800          0.1285771036 
0.0011687248  0.7561602743  0.7083154736  0.7188085927  0.7119588513  0.7557186479  0.7312473210  26.158461456  0.5654432040  0.7892069817  0.5654432040  1900          0.1256038451 
0.0012344727  0.7533747589  0.7063866267  0.7110408743  0.6982426061  0.7456473992  0.7121731676  27.535222585  0.5564216155  0.7892069817  0.5564216155  2000          0.1223493457 
0.0012847476  0.7689629312  0.6793827690  0.6899876788  0.6873124732  0.7819146087  0.7115302186  28.911983714  0.5439264470  0.7892069817  0.5439264470  2100          0.1221768284 
0.0013872525  0.7873366188  0.6935276468  0.6992553704  0.6967423918  0.7845931323  0.7074582083  30.288744843  0.5290467188  0.7892069817  0.5290467188  2200          0.1291456199 
0.0015693560  0.8195307478  0.7051007287  0.7088444849  0.7003857694  0.7905394547  0.6894556365  31.665505973  0.5087576732  0.7892069817  0.5087576732  2300          0.0882874942 
0.0017087437  0.8400471395  0.6885983712  0.6986125248  0.6877411059  0.8032356565  0.6723103300  33.042267102  0.4897674555  0.7892069817  0.4897674555  2400          0.0902802467 
0.0019096236  0.8199592886  0.6420917274  0.6542026035  0.6500214316  0.8450206246  0.6894556365  34.419028231  0.4596949339  0.7892069817  0.4596949339  2500          0.0898999166 
0.0020913105  0.8437968717  0.6603086155  0.6622917448  0.6545220746  0.8232710130  0.6472353193  35.795789360  0.4310033900  0.7892069817  0.4310033900  2600          0.0877356052 
0.0022098697  0.8983822584  0.6806686670  0.6857020410  0.6673810544  0.8657523973  0.6620231462  37.172550490  0.4019952574  0.7892069817  0.4019952574  2700          0.1886815953 
0.0023625994  0.8592779087  0.6005143592  0.6191139444  0.6090870124  0.8968232710  0.6802400343  38.549311619  0.3733865404  0.7892069817  0.3733865404  2800          0.1256483412 
0.0024517108  0.9218984358  0.6635233605  0.6615417582  0.6468066867  0.9082337815  0.6553793399  39.926072748  0.3473801580  0.7892069817  0.3473801580  2900          0.1259320378 
0.0026338711  0.9266659524  0.6390912988  0.6460598918  0.6288041149  0.9245192050  0.6543077583  41.302833878  0.3131655568  0.7892069817  0.3131655568  3000          0.1298979378 
0.0027384477  0.9437004500  0.6238748393  0.6335779718  0.6240891556  0.9487866288  0.6528075439  42.679595007  0.2839748880  0.7892069817  0.2839748880  3100          0.1326773095 
0.0028651997  0.9532890508  0.6585940849  0.6613810468  0.6654522075  0.9178764665  0.6013716245  44.056356136  0.2548941226  0.7892069817  0.2548941226  3200          0.1231718493 
0.0029390301  0.9583244054  0.6217316760  0.6365779183  0.6294470639  0.9581614614  0.6508786970  45.433117265  0.2369574624  0.7892069817  0.2369574624  3300          0.0911974859 
0.0029924516  0.9580565674  0.6058722675  0.6229710184  0.6118731247  0.9681255692  0.6564509216  46.809878395  0.2144287287  0.7892069817  0.2144287287  3400          0.0918218827 
0.0030538339  0.9796443111  0.6397342477  0.6489526973  0.6277325332  0.9750897305  0.6290184312  48.186639524  0.1932884280  0.7892069817  0.1932884280  3500          0.0924625611 
0.0030928137  0.9889650739  0.6378054008  0.6445063481  0.6358765538  0.9843038517  0.6320188598  49.563400653  0.1778764689  0.7892069817  0.1778764689  3600          0.0912749457 
0.0031035148  0.9829655025  0.6260180026  0.6348636631  0.6238748393  0.9794825092  0.6253750536  50.940161782  0.1617868797  0.7892069817  0.1617868797  3700          0.2136980081 
0.0030792717  0.9919648597  0.6133733390  0.6340065356  0.6202314616  0.9930894091  0.6307329619  52.316922912  0.1525393498  0.7892069817  0.1525393498  3800          0.1239610672 
0.0030463233  0.9928755089  0.6258036862  0.6344886698  0.6249464209  0.9926072749  0.6191598800  53.693684041  0.1391576198  0.7892069817  0.1391576198  3900          0.1200195551 
0.0029966487  0.9960359974  0.6082297471  0.6293459045  0.6178739820  0.9944286709  0.6290184312  55.070445170  0.1292039386  0.7892069817  0.1292039386  4000          0.1386988282 
0.0029468507  0.9946432398  0.6090870124  0.6249531258  0.6118731247  0.9953393689  0.6420917274  56.447206299  0.1257013936  0.7892069817  0.1257013936  4100          0.1338706017 
0.0029006714  0.9974287551  0.6123017574  0.6300423207  0.6170167167  0.9974286173  0.6240891556  57.823967429  0.1196415637  0.7892069817  0.1196415637  4200          0.1331654882 
0.0028379982  0.9972144847  0.6037291042  0.6263995286  0.6120874411  0.9975893288  0.6405915131  59.200728558  0.1090872642  0.7892069817  0.1090872642  4300          0.1315961361 
0.0027737126  0.9960359974  0.5887269610  0.6116140783  0.6005143592  0.9981250335  0.6459494213  60.577489687  0.1064585111  0.7892069817  0.1064585111  4400          0.0900536084 
0.0026953625  0.9989286480  0.6067295328  0.6273637971  0.6148735534  0.9988214496  0.6213030433  61.954250816  0.1009184089  0.7892069817  0.1009184089  4500          0.0901302648 
0.0026218902  0.9985536747  0.6099442778  0.6259709648  0.6088726961  0.9976964697  0.6230175739  63.331011946  0.0972207400  0.7892069817  0.0972207400  4600          0.0908163738 
0.0025658994  0.9963574030  0.6093013288  0.6300958911  0.6125160737  0.9942679595  0.6277325332  64.707773075  0.0973897913  0.7892069817  0.0973897913  4700          0.0896763372 
0.0024929271  0.9806085280  0.6127303901  0.6241495688  0.6037291042  0.9800182140  0.6210887270  66.084534204  0.1188752235  0.7892069817  0.1188752235  4800          0.1592387795 
0.0024266028  0.9764838226  0.5822974711  0.6115069374  0.5964423489  0.9853752612  0.6517359623  67.461295334  0.1363382134  0.7892069817  0.1363382134  4900          0.1345416689 
0.0024194338  0.9952324834  0.6238748393  0.6388814485  0.6204457780  0.9940001071  0.6213030433  68.838056463  0.1215733105  0.7892069817  0.1215733105  5000          0.1343611455 
