Environment:
	Python: 3.6.8
	PyTorch: 1.7.1
	Torchvision: 0.8.2
	CUDA: 10.2
	CUDNN: 7605
	NumPy: 1.19.5
	PIL: 8.3.2
Args:
	algorithm: IB_ERM
	checkpoint_freq: None
	data_dir: ./domainbed/data/MNIST
	dataset: ColoredMNIST
	holdout_fraction: 0.2
	hparams: None
	hparams_seed: 4
	output_dir: ./sweep_ib_cmnist/e50c7f7470ce4ab0f702dc80a94b8df5
	save_model_every_checkpoint: False
	seed: 2039940744
	skip_model_save: False
	steps: None
	task: domain_generalization
	test_envs: [0]
	trial_seed: 1
	uda_holdout_fraction: 0
HParams:
	batch_size: 66
	class_balanced: False
	data_augmentation: True
	ib_lambda: 71.9837674690448
	ib_penalty_anneal_iters: 1999
	lr: 0.0026225693030627445
	nonlinear_classifier: False
	resnet18: False
	resnet_dropout: 0.0
	weight_decay: 0.0
IB_penalty    env0_in_acc   env0_out_acc  env1_in_acc   env1_out_acc  env2_in_acc   env2_out_acc  epoch         loss          mem_gb        nll           step          step_time    
0.0196888093  0.4941611313  0.4871410201  0.5006160604  0.4957136734  0.4908662345  0.4931418774  0.0000000000  0.6905725598  0.2027688026  0.6905725598  0             0.3284659386 
0.0108900335  0.0981358474  0.1045863695  0.1984250281  0.1915987998  0.8983232442  0.9048435491  0.3535651149  0.7331334352  0.2069215775  0.7331334352  100           0.0807213736 
0.0119611767  0.0972251982  0.1037291042  0.1980500348  0.1907415345  0.8983232442  0.9048435491  0.7071302298  0.6878333992  0.2069215775  0.6878333992  200           0.0670400691 
0.0115958564  0.4916970216  0.4942134591  0.4903305298  0.4952850407  0.5465795254  0.5475782255  1.0606953447  0.6871155393  0.2069215775  0.6871155393  300           0.0870478368 
0.0146703296  0.3449217913  0.3467638234  0.4026892377  0.4007715388  0.8053249049  0.8060437205  1.4142604596  0.6738625050  0.2069215775  0.6738625050  400           0.0935458040 
0.0098156894  0.4089886437  0.4228461209  0.4473670113  0.4438491213  0.7282905662  0.7336048007  1.7678255745  0.6649584109  0.2069215775  0.6649584109  500           0.0968100381 
0.0124504168  0.5377115920  0.5377196742  0.5612042642  0.5677239606  0.7421653185  0.7513930562  2.1213906895  0.6507490444  0.2069215775  0.6507490444  600           0.0405155277 
0.0143581155  0.6016713092  0.5979425632  0.6147211657  0.6232318903  0.7455402582  0.7486069438  2.4749558044  0.6341138387  0.2069215775  0.6341138387  700           0.0398090100 
0.0175095598  0.6126526677  0.6140162880  0.6274173675  0.6311615945  0.7382546740  0.7522503215  2.8285209193  0.6164700788  0.2069215775  0.6164700788  800           0.0387173676 
0.0179296522  0.6608635097  0.6628804115  0.6679702148  0.6630947278  0.7410939090  0.7503214745  3.1820860342  0.6164283371  0.2069215775  0.6164283371  900           0.0379626393 
0.0195259119  0.6805763874  0.6907415345  0.6903091016  0.6888126875  0.7345047410  0.7408915559  3.5356511491  0.6005446249  0.2069215775  0.6005446249  1000          0.0331278729 
0.0201679268  0.6821834155  0.6937419631  0.6842556383  0.6907415345  0.7432902984  0.7471067295  3.8892162640  0.5914483345  0.2069215775  0.5914483345  1100          0.0316795754 
0.0207419174  0.6541675595  0.6643806258  0.6631488723  0.6705957994  0.7574864735  0.7571795971  4.2427813789  0.5897791761  0.2069215775  0.5897791761  1200          0.1440796423 
0.0205261432  0.6962716949  0.7061723103  0.6981839610  0.7025289327  0.7478437885  0.7528932705  4.5963464938  0.5887009418  0.2069215775  0.5887009418  1300          0.0823515105 
0.0208431805  0.7019498607  0.7134590656  0.7063266727  0.7136733819  0.7326833449  0.7344620660  4.9499116087  0.5860578954  0.2069215775  0.5860578954  1400          0.0650043631 
0.0209208318  0.6488107992  0.6611658808  0.6619703220  0.6658808401  0.7593614400  0.7640377197  5.3034767236  0.5878716293  0.2069215775  0.5878716293  1500          0.0770082498 
0.0193021762  0.6888257982  0.7025289327  0.6960947126  0.6993141877  0.7438260031  0.7449635662  5.6570418385  0.5959445482  0.2069215775  0.5959445482  1600          0.0753830314 
0.0198448916  0.7109492179  0.7205315045  0.7143086731  0.7194599228  0.7479509294  0.7509644235  6.0106069534  0.5856027961  0.2069215775  0.5856027961  1700          0.0899079013 
0.0198530053  0.6956824513  0.7066009430  0.6987732362  0.7083154736  0.7340226067  0.7355336477  6.3641720684  0.5877003616  0.2069215775  0.5877003616  1800          0.0880858827 
0.0214078766  0.6755946004  0.6873124732  0.6872020142  0.6885983712  0.7467723791  0.7505357908  6.7177371833  0.5864432454  0.2069215775  0.5864432454  1900          0.0655300260 
0.0203641404  0.7060209985  0.7194599228  0.7115230085  0.7164594942  0.7397010768  0.7428204029  7.0713022982  0.6028418574  0.2069215775  0.6028418574  2000          0.0389099622 
0.0006186447  0.5060531391  0.5117873982  0.4993303691  0.5042863266  0.5121337119  0.5098585512  7.4248674131  0.7217058522  0.2069215775  0.7217058522  2100          0.0403977132 
0.0003117674  0.6208485108  0.6348049721  0.6265066695  0.6373767681  0.7133979750  0.7123874839  7.7784325280  0.6740104532  0.2069215775  0.6740104532  2200          0.0316394544 
0.0004094485  0.7118598672  0.7207458208  0.7133979750  0.7179597085  0.7395403654  0.7430347192  8.1319976429  0.6482312310  0.2069215775  0.6482312310  2300          0.0356308722 
0.0003775668  0.7022712663  0.7083154736  0.7088444849  0.7138876982  0.7463438153  0.7526789541  8.4855627578  0.6444460166  0.2069215775  0.6444460166  2400          0.0364484572 
0.0003541262  0.6963788301  0.7038148307  0.7039695720  0.7074582083  0.7385225264  0.7453921989  8.8391278727  0.6252986389  0.2069215775  0.6252986389  2500          0.0354424644 
0.0003345372  0.6891472038  0.6939562795  0.6942733165  0.6978139734  0.7484866342  0.7516073725  9.1926929876  0.6156883597  0.2069215775  0.6156883597  2600          0.1774078178 
0.0003205282  0.7036104564  0.7128161166  0.7111480152  0.7151735962  0.7507901645  0.7580368624  9.5462581025  0.6077856749  0.2069215775  0.6077856749  2700          0.0840422010 
0.0002741952  0.6521855582  0.6560222889  0.6670059463  0.6637376768  0.7517008625  0.7503214745  9.8998232174  0.6088001716  0.2069215775  0.6088001716  2800          0.0766009831 
0.0002732796  0.7044675380  0.7121731676  0.7103444581  0.7121731676  0.7503080302  0.7509644235  10.253388332  0.6038553584  0.2069215775  0.6038553584  2900          0.0845153856 
0.0002547667  0.7051639169  0.7160308616  0.7117372904  0.7143163309  0.7520758558  0.7546078011  10.606953447  0.6007021594  0.2069215775  0.6007021594  3000          0.0732417774 
0.0002332464  0.7141632741  0.7246035148  0.7216478277  0.7233176168  0.7487009161  0.7524646378  10.960518562  0.6034582281  0.2069215775  0.6034582281  3100          0.0728915930 
0.0002408791  0.7071994858  0.7162451779  0.7162372100  0.7164594942  0.7496651846  0.7541791685  11.314083677  0.5950089800  0.2069215775  0.5950089800  3200          0.0615364933 
0.0002320960  0.7138954360  0.7194599228  0.7199871431  0.7179597085  0.7440938555  0.7475353622  11.667648792  0.5879546183  0.2069215775  0.5879546183  3300          0.0726114869 
0.0002201702  0.7123419756  0.7231033005  0.7181121766  0.7201028718  0.7476295066  0.7501071582  12.021213906  0.5882014692  0.2069215775  0.5882014692  3400          0.0760299230 
0.0001996501  0.7231090636  0.7327475354  0.7282369958  0.7325332190  0.7451652649  0.7473210459  12.374779021  0.5887676653  0.2069215775  0.5887676653  3500          0.0387189698 
0.0002030852  0.6994321834  0.7096013716  0.7112551562  0.7111015859  0.7598971447  0.7597513931  12.728344136  0.5849895728  0.2069215775  0.5849895728  3600          0.0330216432 
0.0001879076  0.7101457039  0.7201028718  0.7201478545  0.7179597085  0.7493437617  0.7498928418  13.081909251  0.5880130208  0.2069215775  0.5880130208  3700          0.0372060013 
0.0001869381  0.7181272766  0.7203171882  0.7255584722  0.7258894128  0.7502544597  0.7516073725  13.435474366  0.5815529618  0.2069215775  0.5815529618  3800          0.0363709831 
0.0001765001  0.7106278123  0.7235319331  0.7215406868  0.7256750964  0.7533615471  0.7556793828  13.789039481  0.5865040696  0.2069215775  0.5865040696  3900          0.0337121010 
0.0001846842  0.7227876580  0.7333904844  0.7288262710  0.7310330047  0.7504151712  0.7513930562  14.142604596  0.5735401642  0.2069215775  0.5735401642  4000          0.0323414445 
0.0001790268  0.7202164131  0.7299614231  0.7296833985  0.7306043721  0.7502008893  0.7492498928  14.496169711  0.5725208446  0.2069215775  0.5725208446  4100          0.1060602212 
0.0001704630  0.7106813799  0.7190312902  0.7237906466  0.7196742392  0.7541651042  0.7492498928  14.849734826  0.5781119734  0.2069215775  0.5781119734  4200          0.0861270475 
0.0001654086  0.6818620099  0.6873124732  0.7053088338  0.6952421775  0.7633256549  0.7565366481  15.203299941  0.5710084686  0.2069215775  0.5710084686  4300          0.1079419112 
0.0001668651  0.7184486822  0.7273896271  0.7279691434  0.7310330047  0.7527187015  0.7501071582  15.556865056  0.5679916179  0.2069215775  0.5679916179  4400          0.1003786397 
0.0001539885  0.7202699807  0.7233176168  0.7352011571  0.7282468924  0.7511651578  0.7430347192  15.910430170  0.5772269857  0.2069215775  0.5772269857  4500          0.0901346612 
0.0001612521  0.6878615813  0.7008144021  0.7124337065  0.6969567081  0.7552365136  0.7434633519  16.263995285  0.5699391100  0.2069215775  0.5699391100  4600          0.0406141996 
0.0001637123  0.6788086565  0.6849549936  0.7084694916  0.6945992285  0.7742540312  0.7550364338  16.617560400  0.5646739897  0.2069215775  0.5646739897  4700          0.0386253858 
0.0001577106  0.7131454896  0.7198885555  0.7334869020  0.7224603515  0.7576471849  0.7479639949  16.971125515  0.5627983126  0.2069215775  0.5627983126  4800          0.0403130603 
0.0001613278  0.6823441183  0.6875267895  0.7142551026  0.6911701672  0.7781111052  0.7533219031  17.324690630  0.5540254483  0.2069215775  0.5540254483  4900          0.0402179265 
0.0001536544  0.7054853225  0.7164594942  0.7352547276  0.7115302186  0.7627363797  0.7391770253  17.678255745  0.5635414776  0.2069215775  0.5635414776  5000          0.0414891243 
