Environment:
	Python: 3.6.8
	PyTorch: 1.7.1
	Torchvision: 0.8.2
	CUDA: 10.2
	CUDNN: 7605
	NumPy: 1.19.5
	PIL: 8.3.2
Args:
	algorithm: IB_IRM
	checkpoint_freq: None
	data_dir: ./domainbed/data/MNIST
	dataset: ColoredMNIST
	holdout_fraction: 0.2
	hparams: None
	hparams_seed: 3
	output_dir: ./sweep_ib_cmnist/35124a904abcb1f707766eedc11bedcf
	save_model_every_checkpoint: False
	seed: 2101463548
	skip_model_save: False
	steps: None
	task: domain_generalization
	test_envs: [1, 2]
	trial_seed: 0
	uda_holdout_fraction: 0
HParams:
	batch_size: 259
	class_balanced: False
	data_augmentation: True
	ib_lambda: 19.739988838233486
	ib_penalty_anneal_iters: 9540
	irm_lambda: 29.3676220201571
	irm_penalty_anneal_iters: 3001
	lr: 0.00040753017105436845
	nonlinear_classifier: False
	resnet18: False
	resnet_dropout: 0.0
	weight_decay: 0.0
IB_penalty    IRM_penalty   env0_in_acc   env0_out_acc  env1_in_acc   env1_out_acc  env2_in_acc   env2_out_acc  epoch         loss          mem_gb        nll           step          step_time    
0.0255788453  0.0004113723  0.8992393400  0.8956279468  0.8003964215  0.7944706387  0.1011946215  0.1041577368  0.0000000000  0.7125666142  0.3935422897  0.7125666142  0             1.2155146599 
0.1840395348  0.0005736200  0.8997750161  0.8960565795  0.8008785557  0.7946849550  0.0989446617  0.1000857265  1.3874752237  0.3274539468  0.3976950645  0.3274539468  100           0.0890034223 
0.1882974039  0.0003893343  0.8997750161  0.8960565795  0.8008785557  0.7946849550  0.0989446617  0.1000857265  2.7749504473  0.3223424959  0.3976950645  0.3223424959  200           0.0874523306 
0.1647738077  0.0001244226  0.8997750161  0.8960565795  0.8008785557  0.7946849550  0.0989446617  0.1000857265  4.1624256710  0.3216725947  0.3976950645  0.3216725947  300           0.0918514919 
0.1469548088  0.0004412170  0.8997750161  0.8960565795  0.8008785557  0.7946849550  0.0989446617  0.1000857265  5.5499008946  0.3208487584  0.3976950645  0.3208487584  400           0.1027399731 
0.1265097965  0.0001985019  0.8997750161  0.8960565795  0.8008785557  0.7946849550  0.0989446617  0.1000857265  6.9373761183  0.3077021953  0.3976950645  0.3077021953  500           0.0810805178 
0.1050325859  0.0006038273  0.8997750161  0.8960565795  0.8008785557  0.7946849550  0.0989446617  0.1000857265  8.3248513419  0.2973085579  0.3976950645  0.2973085579  600           0.0497189593 
0.1022112835  0.0004411375  0.8997750161  0.8960565795  0.8008785557  0.7946849550  0.0989446617  0.1000857265  9.7123265656  0.2938295268  0.3976950645  0.2938295268  700           0.0488918948 
0.0964045674  0.0001628357  0.8997750161  0.8960565795  0.8008785557  0.7946849550  0.0989446617  0.0998714102  11.099801789  0.2901217690  0.3976950645  0.2901217690  800           0.0494784236 
0.0952978428  0.0003764780  0.8998285837  0.8960565795  0.8008785557  0.7940420060  0.0991053731  0.1003000429  12.487277012  0.2825604026  0.3976950645  0.2825604026  900           0.0473783302 
0.0941854718  0.0010877208  0.8997750161  0.8960565795  0.8008785557  0.7946849550  0.0989446617  0.1000857265  13.874752236  0.2811603437  0.3976950645  0.2811603437  1000          0.0665225077 
0.0906551586  0.0007569976  0.8997750161  0.8960565795  0.8008785557  0.7944706387  0.0989982322  0.1000857265  15.262227460  0.2826322201  0.3976950645  0.2826322201  1100          0.0795017695 
0.0896111136  0.0006565100  0.8999357189  0.8962708958  0.8010928376  0.7942563223  0.1004446349  0.1018002572  16.649702683  0.2753818743  0.3976950645  0.2753818743  1200          0.0921827602 
0.0804568270  0.0009635084  0.8997750161  0.8960565795  0.8008785557  0.7946849550  0.0991589436  0.0998714102  18.037177907  0.2788075238  0.3976950645  0.2788075238  1300          0.0820618796 
0.0793564031  0.0013089913  0.8997214485  0.8956279468  0.8004499920  0.7940420060  0.1002303530  0.1022288898  19.424653131  0.2711788438  0.3976950645  0.2711788438  1400          0.0926183057 
0.0809643971  0.0009233388  0.9008999357  0.8939134162  0.8005571329  0.7940420060  0.1057481116  0.1063009001  20.812128354  0.2652310942  0.3976950645  0.2652310942  1500          0.0866211867 
0.0779650605  0.0014921236  0.9019712878  0.8934847835  0.7999678577  0.7963994856  0.1052659774  0.1088726961  22.199603578  0.2583571011  0.3976950645  0.2583571011  1600          0.0846006942 
0.0753242319  0.0001279629  0.9022926934  0.8947706815  0.7993785825  0.7953279040  0.1047838431  0.1054436348  23.587078802  0.2360299493  0.3976950645  0.2360299493  1700          0.0939233088 
0.0710298867  0.0016229647  0.9059888579  0.8930561509  0.7993250121  0.7946849550  0.1119622864  0.1123017574  24.974554025  0.2369901782  0.3976950645  0.2369901782  1800          0.0901085830 
0.0685595587  0.0010147338  0.9121491322  0.8930561509  0.7990571597  0.7948992713  0.1116944340  0.1116588084  26.362029249  0.2172778954  0.3976950645  0.2172778954  1900          0.0473942232 
0.0702671737  0.0014536947  0.9351832012  0.8769824261  0.7928965554  0.7914702100  0.1709433760  0.1686669524  27.749504473  0.1942316844  0.3976950645  0.1942316844  2000          0.0445865536 
0.0699111467  0.0018463719  0.9437004500  0.8784826404  0.7937001125  0.7893270467  0.1622113891  0.1605229318  29.136979696  0.1771357438  0.3976950645  0.1771357438  2100          0.0468525887 
0.0686015349  0.0013438546  0.9508785087  0.8774110587  0.7905930251  0.7880411487  0.1659613221  0.1618088298  30.524454920  0.1500606360  0.3976950645  0.1500606360  2200          0.0475914574 
0.0735050272  0.0012695694  0.9671630598  0.8613373339  0.7858252531  0.7837548221  0.2175496866  0.2113159023  31.911930144  0.1253443981  0.3976950645  0.1253443981  2300          0.0487346172 
0.0751776556  0.0013161973  0.9644311121  0.8795542220  0.7960036428  0.7893270467  0.1517651471  0.1500214316  33.299405367  0.0987400816  0.3976950645  0.0987400816  2400          0.1969719315 
0.0820373023  0.0013635399  0.9659310049  0.8752678954  0.7902716023  0.7835405058  0.1756040071  0.1690955851  34.686880591  0.0845055928  0.3976950645  0.0845055928  2500          0.0885915494 
0.0829507001  0.0012868414  0.9860724234  0.8651950279  0.7848609846  0.7854693528  0.2193175122  0.2231033005  36.074355815  0.0636629706  0.3976950645  0.0636629706  2600          0.0880399728 
0.0889990135  0.0012284009  0.9869830726  0.8763394771  0.7915572936  0.7893270467  0.1729254835  0.1716673811  37.461831038  0.0517249607  0.3976950645  0.0517249607  2700          0.0775855374 
0.0908367704  0.0010362571  0.9925005357  0.8681954565  0.7882894948  0.7822546078  0.2063534580  0.2006000857  38.849306262  0.0382375107  0.3976950645  0.0382375107  2800          0.0776806164 
0.0972499442  0.0008452110  0.9920184273  0.8703386198  0.7886109177  0.7865409344  0.1879252156  0.1847406772  40.236781486  0.0272522831  0.3976950645  0.0272522831  2900          0.0938148451 
0.0997487016  0.0005926201  0.9971073495  0.8639091299  0.7847002732  0.7839691384  0.2013178336  0.2018859837  41.624256709  0.0219790413  0.3976950645  0.0219790413  3000          0.0989508033 
0.0994499160  0.0001453893  0.9540389972  0.8506215174  0.7738254674  0.7736819546  0.2523169229  0.2477496785  43.011731933  0.0654985253  0.3976950645  0.0654985253  3100          0.0973308611 
0.0908805522  0.0003849498  0.9757874438  0.8690527218  0.7859323941  0.7816116588  0.2024428135  0.2012430347  44.399207157  0.1112900540  0.3976950645  0.1112900540  3200          0.0922801542 
0.0915003170  0.0003435538  0.9808763660  0.8649807115  0.7841645685  0.7788255465  0.2020142497  0.1980282898  45.786682380  0.0722850006  0.3976950645  0.0722850006  3300          0.0479309177 
0.0979736201  0.0001250740  0.9915363188  0.8701243035  0.7855574008  0.7837548221  0.2061391761  0.2027432490  47.174157604  0.0497406525  0.3976950645  0.0497406525  3400          0.0480676961 
0.0986046799  -0.000006368  0.9863938290  0.8754822117  0.7862002464  0.7824689241  0.1985321691  0.1922417488  48.561632828  0.0472026387  0.3976950645  0.0472026387  3500          0.0486089849 
0.0956073919  0.0000638677  0.9762695522  0.8418345478  0.7700219639  0.7655379340  0.2831199443  0.2766823832  49.949108051  0.0523835362  0.3976950645  0.0523835362  3600          0.0500071406 
0.0971225924  0.0002566873  0.9871437754  0.8585512216  0.7771468367  0.7743249036  0.2502276745  0.2471067295  51.336583275  0.0528834576  0.3976950645  0.0528834576  3700          0.0502488708 
0.1000401334  0.0000628621  0.9925541033  0.8780540077  0.7913430117  0.7865409344  0.1696041142  0.1690955851  52.724058499  0.0355707581  0.3976950645  0.0355707581  3800          0.1747821879 
0.1084351084  0.0000378923  0.9953396186  0.8744106301  0.7894680452  0.7854693528  0.1927465581  0.1877411059  54.111533722  0.0245875998  0.3976950645  0.0245875998  3900          0.0909072137 
0.1000957797  -0.000045996  0.9948039426  0.8756965281  0.7887716291  0.7818259751  0.1913001554  0.1890270039  55.499008946  0.0209182743  0.3976950645  0.0209182743  4000          0.1025149679 
0.1035151946  0.0000433159  0.9952324834  0.8658379769  0.7844324208  0.7796828118  0.2128890556  0.2078868410  56.886484169  0.0220550743  0.3976950645  0.0220550743  4100          0.1032134581 
0.1076852750  -0.000001707  0.9975358903  0.8705529361  0.7884502062  0.7805400772  0.1903358869  0.1851693099  58.273959393  0.0127981600  0.3976950645  0.0127981600  4200          0.0777569604 
0.1080513679  0.0000300501  0.9988215127  0.8602657523  0.7812181925  0.7773253322  0.2209246263  0.2121731676  59.661434617  0.0101905683  0.3976950645  0.0101905683  4300          0.1077106619 
0.1127935125  0.0000530195  0.9991429184  0.8673381912  0.7870573740  0.7818259751  0.1995500080  0.1960994428  61.048909840  0.0075973007  0.3976950645  0.0075973007  4400          0.1204334569 
0.1230546900  0.0000417944  0.9995178916  0.8660522932  0.7862002464  0.7807543935  0.2011571222  0.1975996571  62.436385064  0.0041194020  0.3976950645  0.0041194020  4500          0.0498459268 
0.1248827343  0.0000176621  0.9996250268  0.8699099871  0.7877002196  0.7839691384  0.1895859003  0.1870981569  63.823860288  0.0034537762  0.3976950645  0.0034537762  4600          0.0499202442 
0.1261207115  0.0000239488  0.9997857296  0.8669095585  0.7862002464  0.7818259751  0.1979428939  0.1935276468  65.211335511  0.0021084505  0.3976950645  0.0021084505  4700          0.0504845953 
0.1275225810  0.0000168310  0.9998928648  0.8651950279  0.7848609846  0.7805400772  0.2052820485  0.1988855551  66.598810735  0.0017451822  0.3976950645  0.0017451822  4800          0.0522024012 
0.1270712061  0.0000155527  0.9998928648  0.8660522932  0.7863073874  0.7811830261  0.2031928001  0.2008144021  67.986285959  0.0012755817  0.3976950645  0.0012755817  4900          0.0494978857 
0.1285293620  0.0000115374  0.9998928648  0.8647663952  0.7852359779  0.7796828118  0.2063534580  0.2023146164  69.373761182  0.0011969232  0.3976950645  0.0011969232  5000          0.1170575118 
