Environment:
	Python: 3.6.8
	PyTorch: 1.7.1
	Torchvision: 0.8.2
	CUDA: 10.2
	CUDNN: 7605
	NumPy: 1.19.5
	PIL: 8.3.2
Args:
	algorithm: IB_ERM
	checkpoint_freq: None
	data_dir: ./domainbed/data/MNIST
	dataset: ColoredMNIST
	holdout_fraction: 0.2
	hparams: None
	hparams_seed: 9
	output_dir: ./sweep_ib_cmnist/4aa98ef2e9ee44b37866d5586ebc9a15
	save_model_every_checkpoint: False
	seed: 1267797252
	skip_model_save: False
	steps: None
	task: domain_generalization
	test_envs: [1]
	trial_seed: 1
	uda_holdout_fraction: 0
HParams:
	batch_size: 16
	class_balanced: False
	data_augmentation: True
	ib_lambda: 1095.0224776810512
	ib_penalty_anneal_iters: 6117
	lr: 0.0002761430166366395
	nonlinear_classifier: False
	resnet18: False
	resnet_dropout: 0.1
	weight_decay: 0.0
IB_penalty    env0_in_acc   env0_out_acc  env1_in_acc   env1_out_acc  env2_in_acc   env2_out_acc  epoch         loss          mem_gb        nll           step          step_time    
0.0266184900  0.5050889222  0.4901414488  0.5090266245  0.5042863266  0.5025981679  0.5100728676  0.0000000000  0.8053320646  0.0496864319  0.8053320646  0             0.1593084335 
0.0322609680  0.5612813370  0.5700814402  0.5591685863  0.5642948993  0.6120426421  0.6028718388  0.0857127551  0.6991828519  0.0538392067  0.6991828519  100           0.0874984884 
0.0287646457  0.5053567602  0.4909987141  0.5089730541  0.5040720103  0.5036695773  0.5109301329  0.1714255103  0.6805498469  0.0538392067  0.6805498469  200           0.0396289206 
0.0173896006  0.5821191343  0.5987998285  0.5724004928  0.5732961852  0.5559543580  0.5387912559  0.2571382654  0.6747347242  0.0538392067  0.6747347242  300           0.0398639798 
0.0163827636  0.5811549175  0.5925846550  0.5902930305  0.5930132876  0.7308619489  0.7115302186  0.3428510205  0.6497572261  0.0538392067  0.6497572261  400           0.0415277553 
0.0178123784  0.6498821513  0.6491641663  0.6373279049  0.6440205744  0.5859002518  0.5799399914  0.4285637756  0.6377487460  0.0538392067  0.6377487460  500           0.0401976943 
0.0184500469  0.7002892651  0.7061723103  0.6958268602  0.6956708101  0.7245406332  0.7070295757  0.5142765308  0.6254537386  0.0538392067  0.6254537386  600           0.1435383487 
0.0195473897  0.6826655239  0.6937419631  0.6770236246  0.6768109730  0.6982911019  0.6778825547  0.5999892859  0.6128225911  0.0538392067  0.6128225911  700           0.0959348345 
0.0199393145  0.6922005571  0.7123874839  0.6756843628  0.6755250750  0.6035249371  0.5936562366  0.6857020410  0.6086421990  0.0538392067  0.6086421990  800           0.0666186309 
0.0206577359  0.7047353760  0.7070295757  0.6992018000  0.7016716674  0.7376118284  0.7226746678  0.7714147962  0.6031666645  0.0538392067  0.6031666645  900           0.0739828920 
0.0215864673  0.7317334476  0.7333904844  0.7223442439  0.7293184741  0.7158622167  0.7001714531  0.8571275513  0.6018953651  0.0538392067  0.6018953651  1000          0.0692274380 
0.0220793036  0.6962716949  0.7104586369  0.6880055713  0.6926703815  0.7113087266  0.6937419631  0.9428403064  0.5914037183  0.0538392067  0.5914037183  1100          0.0859551859 
0.0209759913  0.7219305764  0.7201028718  0.7090051963  0.7134590656  0.7105587400  0.6948135448  1.0285530616  0.5923838186  0.0538392067  0.5923838186  1200          0.0698287606 
0.0228257621  0.7073601886  0.7059579940  0.7009160551  0.7042434634  0.7347725933  0.7226746678  1.1142658167  0.5860808283  0.0538392067  0.5860808283  1300          0.0540187001 
0.0228690428  0.6933254768  0.6939562795  0.6856484706  0.6909558508  0.7294691166  0.7126018003  1.1999785718  0.5809970018  0.0538392067  0.5809970018  1400          0.0453841281 
0.0223885788  0.7273409042  0.7314616374  0.7196121498  0.7216030862  0.7093801896  0.6909558508  1.2856913269  0.5915724686  0.0538392067  0.5915724686  1500          0.0366331816 
0.0228989444  0.7170023570  0.7213887698  0.7121658542  0.7102443206  0.7253441903  0.7048864123  1.3714040821  0.5893769637  0.0538392067  0.5893769637  1600          0.0370856857 
0.0214546823  0.7347868009  0.7372481783  0.7250227675  0.7269609944  0.7145765254  0.6980282898  1.4571168372  0.5922010586  0.0538392067  0.5922010586  1700          0.0381748509 
0.0217880456  0.7278765802  0.7252464638  0.7176836128  0.7220317188  0.7317190764  0.7164594942  1.5428295923  0.5877616233  0.0538392067  0.5877616233  1800          0.0399163556 
0.0219743196  0.7299121491  0.7321045864  0.7206299888  0.7233176168  0.7232549419  0.7091727390  1.6285423475  0.5859153506  0.0538392067  0.5859153506  1900          0.0372941566 
0.0218150551  0.7361795586  0.7376768110  0.7279691434  0.7299614231  0.7198264317  0.7046720960  1.7142551026  0.5851953578  0.0538392067  0.5851953578  2000          0.1380207586 
0.0227406179  0.7169487894  0.7203171882  0.7113087266  0.7175310759  0.7392725130  0.7239605658  1.7999678577  0.5711005124  0.0538392067  0.5711005124  2100          0.0928952074 
0.0219632589  0.7211806300  0.7153879126  0.7071838003  0.7066009430  0.6973268334  0.6804543506  1.8856806128  0.5791465503  0.0538392067  0.5791465503  2200          0.0828504419 
0.0231263035  0.7221984144  0.7267466781  0.7120587132  0.7156022289  0.7340761772  0.7132447492  1.9713933680  0.5779369131  0.0538392067  0.5779369131  2300          0.0989305377 
0.0219823366  0.7275551746  0.7246035148  0.7180586061  0.7196742392  0.7360047142  0.7216030862  2.0571061231  0.5936322248  0.0538392067  0.5936322248  2400          0.0837677693 
0.0230678547  0.7315727448  0.7286755251  0.7217013982  0.7265323618  0.7296298280  0.7126018003  2.1428188782  0.5773905873  0.0538392067  0.5773905873  2500          0.0764398479 
0.0227235673  0.7249839297  0.7239605658  0.7161300691  0.7196742392  0.7409867681  0.7261037291  2.2285316334  0.5831561700  0.0538392067  0.5831561700  2600          0.0641433191 
0.0238486071  0.7243411185  0.7198885555  0.7127551294  0.7216030862  0.7387368083  0.7213887698  2.3142443885  0.5808139369  0.0538392067  0.5808139369  2700          0.0380641627 
0.0236284654  0.7369830726  0.7333904844  0.7257191836  0.7301757394  0.7316119355  0.7166738105  2.3999571436  0.5810778329  0.0538392067  0.5810778329  2800          0.0355245686 
0.0220409141  0.7348403685  0.7306043721  0.7241120694  0.7261037291  0.7222371029  0.7053150450  2.4856698988  0.5934531692  0.0538392067  0.5934531692  2900          0.0373423004 
0.0218894173  0.7039854296  0.7083154736  0.6993625114  0.7014573511  0.7469330905  0.7312473210  2.5713826539  0.5795901409  0.0538392067  0.5795901409  3000          0.0391904426 
0.0212803259  0.7364473966  0.7363909130  0.7252370493  0.7325332190  0.7288262710  0.7145306472  2.6570954090  0.5776185140  0.0538392067  0.5776185140  3100          0.0379776931 
0.0230827021  0.7318405828  0.7280325761  0.7193978679  0.7263180454  0.7302191032  0.7177453922  2.7428081641  0.5696838012  0.0538392067  0.5696838012  3200          0.1204826951 
0.0227464949  0.7242339833  0.7288898414  0.7146836664  0.7132447492  0.7164514919  0.6950278611  2.8285209193  0.5832828584  0.0538392067  0.5832828584  3300          0.0877251911 
0.0230605159  0.7369830726  0.7370338620  0.7255049017  0.7297471067  0.7249691970  0.7081011573  2.9142336744  0.5748663068  0.0538392067  0.5748663068  3400          0.0730410767 
0.0235155672  0.7364473966  0.7336048007  0.7241656399  0.7288898414  0.7363797075  0.7226746678  2.9999464295  0.5692100686  0.0538392067  0.5692100686  3500          0.0764948750 
0.0232013738  0.7265373902  0.7224603515  0.7185943108  0.7166738105  0.7368082713  0.7241748821  3.0856591847  0.5808859280  0.0538392067  0.5808859280  3600          0.0760436869 
0.0224480484  0.7183415470  0.7156022289  0.7083623507  0.7123874839  0.7461295334  0.7323189027  3.1713719398  0.5782699779  0.0538392067  0.5782699779  3700          0.0946926355 
0.0213935596  0.7223055496  0.7241748821  0.7134515455  0.7136733819  0.7359511437  0.7160308616  3.2570846949  0.5831354499  0.0538392067  0.5831354499  3800          0.0657124758 
0.0209712421  0.7276087422  0.7216030862  0.7148979483  0.7188169739  0.7347190229  0.7207458208  3.3427974500  0.5818328619  0.0538392067  0.5818328619  3900          0.0354371309 
0.0230227913  0.7413756160  0.7391770253  0.7301119623  0.7299614231  0.7349868752  0.7177453922  3.4285102052  0.5723063356  0.0538392067  0.5723063356  4000          0.0354625678 
0.0224502284  0.7410006428  0.7366052293  0.7290405528  0.7327475354  0.7340226067  0.7158165452  3.5142229603  0.5741634768  0.0538392067  0.5741634768  4100          0.0368157554 
0.0215444895  0.7430362117  0.7419631376  0.7297905395  0.7321045864  0.7245942037  0.7038148307  3.5999357154  0.5785694182  0.0538392067  0.5785694182  4200          0.0380363774 
0.0205704643  0.7369830726  0.7357479640  0.7260941769  0.7276039434  0.7348261638  0.7162451779  3.6856484706  0.5820078221  0.0538392067  0.5820078221  4300          0.0368236446 
0.0221910171  0.7155560317  0.7166738105  0.7061123909  0.7119588513  0.7495044731  0.7321045864  3.7713612257  0.5723660499  0.0538392067  0.5723660499  4400          0.1162096286 
0.0233234917  0.7288943647  0.7252464638  0.7166657738  0.7211744535  0.7403974929  0.7231033005  3.8570739808  0.5633511847  0.0538392067  0.5633511847  4500          0.0700377059 
0.0228472592  0.7390186415  0.7316759537  0.7241656399  0.7278182598  0.7405582043  0.7226746678  3.9427867360  0.5726350126  0.0538392067  0.5726350126  4600          0.0770509148 
0.0220364250  0.7351617742  0.7303900557  0.7207907002  0.7246035148  0.7360582847  0.7209601372  4.0284994911  0.5688863611  0.0538392067  0.5688863611  4700          0.0777003360 
0.0218617476  0.7346796657  0.7348906987  0.7232549419  0.7265323618  0.7415224728  0.7250321474  4.1142122462  0.5605932772  0.0538392067  0.5605932772  4800          0.0784625077 
0.0222655504  0.7389115063  0.7340334333  0.7245406332  0.7293184741  0.7361118551  0.7179597085  4.1999250013  0.5661586919  0.0538392067  0.5661586919  4900          0.0588553762 
0.0211609162  0.7500535676  0.7428204029  0.7324690631  0.7348906987  0.7290941233  0.7111015859  4.2856377565  0.5854066092  0.0538392067  0.5854066092  5000          0.0664616442 
