Environment:
	Python: 3.6.8
	PyTorch: 1.7.1
	Torchvision: 0.8.2
	CUDA: 10.2
	CUDNN: 7605
	NumPy: 1.19.5
	PIL: 8.3.2
Args:
	algorithm: IB_ERM
	checkpoint_freq: None
	data_dir: ./domainbed/data/MNIST
	dataset: ColoredMNIST
	holdout_fraction: 0.2
	hparams: None
	hparams_seed: 9
	output_dir: ./sweep_ib_cmnist/5ab34981c260221a0f9d61dd237cb37f
	save_model_every_checkpoint: False
	seed: 251345199
	skip_model_save: False
	steps: None
	task: domain_generalization
	test_envs: [1, 2]
	trial_seed: 1
	uda_holdout_fraction: 0
HParams:
	batch_size: 16
	class_balanced: False
	data_augmentation: True
	ib_lambda: 1095.0224776810512
	ib_penalty_anneal_iters: 6117
	lr: 0.0002761430166366395
	nonlinear_classifier: False
	resnet18: False
	resnet_dropout: 0.1
	weight_decay: 0.0
IB_penalty    env0_in_acc   env0_out_acc  env1_in_acc   env1_out_acc  env2_in_acc   env2_out_acc  epoch         loss          mem_gb        nll           step          step_time    
0.0277577043  0.5080887079  0.5280754393  0.5211871217  0.5019288470  0.4867948787  0.4817831119  0.0000000000  0.5731436014  0.0299687386  0.5731436014  0             0.1672866344 
0.1472548896  0.8954360403  0.9078439777  0.8003964215  0.7942563223  0.1018910377  0.1009429919  0.0857127551  0.3496778256  0.0299687386  0.3496778256  100           0.0629466486 
0.1607489200  0.8954360403  0.9078439777  0.8003964215  0.7942563223  0.1018910377  0.1009429919  0.1714255103  0.3203322628  0.0299687386  0.3203322628  200           0.0583506989 
0.1546081064  0.8954360403  0.9078439777  0.8003964215  0.7942563223  0.1018910377  0.1009429919  0.2571382654  0.3565702931  0.0299687386  0.3565702931  300           0.0598391867 
0.1576794904  0.8954360403  0.9078439777  0.8003964215  0.7942563223  0.1018910377  0.1009429919  0.3428510205  0.3209801952  0.0299687386  0.3209801952  400           0.0769816828 
0.1458307049  0.8954360403  0.9078439777  0.8003964215  0.7942563223  0.1018910377  0.1009429919  0.4285637756  0.3273628824  0.0299687386  0.3273628824  500           0.0284274745 
0.1475455666  0.8954360403  0.9078439777  0.8003964215  0.7942563223  0.1018910377  0.1009429919  0.5142765308  0.3518470126  0.0299687386  0.3518470126  600           0.0292418361 
0.1466537870  0.8954360403  0.9078439777  0.8003964215  0.7942563223  0.1018910377  0.1009429919  0.5999892859  0.3494666438  0.0299687386  0.3494666438  700           0.0290613365 
0.1397054644  0.8954360403  0.9078439777  0.8003964215  0.7942563223  0.1018910377  0.1009429919  0.6857020410  0.3213209872  0.0299687386  0.3213209872  800           0.0301764154 
0.1362560709  0.8954360403  0.9078439777  0.8003964215  0.7942563223  0.1018910377  0.1009429919  0.7714147962  0.3381372564  0.0299687386  0.3381372564  900           0.0276164126 
0.1333914173  0.8954360403  0.9078439777  0.8003964215  0.7942563223  0.1018910377  0.1009429919  0.8571275513  0.3405277035  0.0299687386  0.3405277035  1000          0.0273276329 
0.1294902082  0.8954360403  0.9078439777  0.8003964215  0.7942563223  0.1018910377  0.1009429919  0.9428403064  0.3376390379  0.0299687386  0.3376390379  1100          0.0913111663 
0.1201323579  0.8954360403  0.9078439777  0.8003964215  0.7942563223  0.1018910377  0.1009429919  1.0285530616  0.3301659112  0.0299687386  0.3301659112  1200          0.0585322738 
0.1100030370  0.8954360403  0.9078439777  0.8003964215  0.7942563223  0.1018910377  0.1009429919  1.1142658167  0.3464820042  0.0299687386  0.3464820042  1300          0.0617190957 
0.1133781818  0.8954360403  0.9078439777  0.8003964215  0.7942563223  0.1018910377  0.1009429919  1.1999785718  0.3163286869  0.0299687386  0.3163286869  1400          0.0653247094 
0.1080224009  0.8954360403  0.9078439777  0.8003964215  0.7942563223  0.1018910377  0.1009429919  1.2856913269  0.3293162326  0.0299687386  0.3293162326  1500          0.0540233111 
0.1017442635  0.8954360403  0.9078439777  0.8003964215  0.7942563223  0.1018910377  0.1009429919  1.3714040821  0.3200095826  0.0299687386  0.3200095826  1600          0.0697218442 
0.0953511101  0.8954360403  0.9078439777  0.8003964215  0.7942563223  0.1018910377  0.1009429919  1.4571168372  0.3228094138  0.0299687386  0.3228094138  1700          0.0692949605 
0.1034604909  0.8954360403  0.9078439777  0.8003964215  0.7942563223  0.1018910377  0.1009429919  1.5428295923  0.3008180849  0.0299687386  0.3008180849  1800          0.0276880574 
0.0938900485  0.8954360403  0.9078439777  0.8003964215  0.7942563223  0.1018910377  0.1009429919  1.6285423475  0.3076734613  0.0299687386  0.3076734613  1900          0.0284769154 
0.0871227885  0.8883115492  0.8992713245  0.7977714684  0.7921131590  0.1304976697  0.1305186455  1.7142551026  0.3181307759  0.0299687386  0.3181307759  2000          0.0264303422 
0.0872517829  0.8954360403  0.9078439777  0.8003964215  0.7942563223  0.1018910377  0.1009429919  1.7999678577  0.3166310851  0.0299687386  0.3166310851  2100          0.0274811697 
0.0886900497  0.8954360403  0.9078439777  0.8003964215  0.7942563223  0.1018910377  0.1009429919  1.8856806128  0.2903677039  0.0299687386  0.2903677039  2200          0.0270181131 
0.0879678815  0.8954360403  0.9078439777  0.8003964215  0.7942563223  0.1018910377  0.1009429919  1.9713933680  0.3325113446  0.0299687386  0.3325113446  2300          0.0297866058 
0.0846365859  0.8954360403  0.9078439777  0.8003964215  0.7942563223  0.1018910377  0.1009429919  2.0571061231  0.2993845347  0.0299687386  0.2993845347  2400          0.0480977106 
0.0837098924  0.8954360403  0.9078439777  0.8003964215  0.7942563223  0.1018910377  0.1009429919  2.1428188782  0.3042745017  0.0299687386  0.3042745017  2500          0.0648705506 
0.0816008175  0.8954360403  0.9078439777  0.8003964215  0.7942563223  0.1018910377  0.1009429919  2.2285316334  0.3145945948  0.0299687386  0.3145945948  2600          0.0705147719 
0.0790604171  0.8954360403  0.9078439777  0.8003964215  0.7942563223  0.1018910377  0.1009429919  2.3142443885  0.3114828587  0.0299687386  0.3114828587  2700          0.0686917853 
0.0786981815  0.8954360403  0.9078439777  0.8003964215  0.7942563223  0.1018910377  0.1009429919  2.3999571436  0.3066834399  0.0299687386  0.3066834399  2800          0.0543005466 
0.0830900966  0.8954360403  0.9078439777  0.8003964215  0.7942563223  0.1018910377  0.1009429919  2.4856698988  0.2967473178  0.0299687386  0.2967473178  2900          0.0615732479 
0.0794454889  0.8954360403  0.9078439777  0.8003964215  0.7942563223  0.1018910377  0.1009429919  2.5713826539  0.2819668518  0.0299687386  0.2819668518  3000          0.0623393703 
0.0789977960  0.8954360403  0.9078439777  0.8003964215  0.7942563223  0.1018910377  0.1009429919  2.6570954090  0.2915520911  0.0299687386  0.2915520911  3100          0.0360722661 
0.0795867226  0.8954360403  0.9078439777  0.8003964215  0.7942563223  0.1018910377  0.1009429919  2.7428081641  0.2881245042  0.0299687386  0.2881245042  3200          0.0358656120 
0.0773302103  0.8954360403  0.9078439777  0.8003964215  0.7942563223  0.1018910377  0.1009429919  2.8285209193  0.3075765544  0.0299687386  0.3075765544  3300          0.0276712465 
0.0801501634  0.8954360403  0.9078439777  0.8003964215  0.7942563223  0.1018910377  0.1009429919  2.9142336744  0.3020602830  0.0299687386  0.3020602830  3400          0.0293271661 
0.0807580860  0.8954360403  0.9078439777  0.8003964215  0.7942563223  0.1018910377  0.1009429919  2.9999464295  0.2830745867  0.0299687386  0.2830745867  3500          0.0305134368 
0.0845813444  0.8954360403  0.9078439777  0.8003964215  0.7942563223  0.1018910377  0.1009429919  3.0856591847  0.2767995501  0.0299687386  0.2767995501  3600          0.0278707814 
0.0763183878  0.8953289051  0.9078439777  0.8003428510  0.7942563223  0.1023196014  0.1011573082  3.1713719398  0.3069672281  0.0299687386  0.3069672281  3700          0.0320943499 
0.0739798192  0.8954360403  0.9078439777  0.8003964215  0.7942563223  0.1018910377  0.1009429919  3.2570846949  0.3002913846  0.0299687386  0.3002913846  3800          0.0844062042 
0.0817588936  0.8954360403  0.9078439777  0.8003964215  0.7942563223  0.1018910377  0.1009429919  3.3427974500  0.2805705592  0.0299687386  0.2805705592  3900          0.0636342788 
0.0819008327  0.8954360403  0.9078439777  0.8003964215  0.7942563223  0.1018910377  0.1009429919  3.4285102052  0.2774696828  0.0299687386  0.2774696828  4000          0.0433797073 
0.0713004482  0.8954360403  0.9078439777  0.8003964215  0.7942563223  0.1018910377  0.1009429919  3.5142229603  0.2904582807  0.0299687386  0.2904582807  4100          0.0519983339 
0.0708645996  0.8954360403  0.9078439777  0.8003964215  0.7942563223  0.1018910377  0.1009429919  3.5999357154  0.3071471423  0.0299687386  0.3071471423  4200          0.0558131695 
0.0713759815  0.8942575530  0.9059151307  0.8001285691  0.7951135877  0.1089623400  0.1086583798  3.6856484706  0.2852568580  0.0299687386  0.2852568580  4300          0.0452826095 
0.0735716165  0.8954360403  0.9078439777  0.8003964215  0.7942563223  0.1018910377  0.1009429919  3.7713612257  0.2861010074  0.0299687386  0.2861010074  4400          0.0549701262 
0.0721482337  0.8954360403  0.9078439777  0.8003964215  0.7942563223  0.1018910377  0.1009429919  3.8570739808  0.2632566704  0.0299687386  0.2632566704  4500          0.0622190523 
0.0666690110  0.8952217699  0.9076296614  0.8003964215  0.7940420060  0.1024267424  0.1013716245  3.9427867360  0.3063671353  0.0299687386  0.3063671353  4600          0.0644217730 
0.0708974606  0.8954360403  0.9078439777  0.8003964215  0.7942563223  0.1018910377  0.1009429919  4.0284994911  0.2824908449  0.0299687386  0.2824908449  4700          0.0483189464 
0.0747005884  0.8954360403  0.9078439777  0.8004499920  0.7942563223  0.1018910377  0.1011573082  4.1142122462  0.2933682515  0.0299687386  0.2933682515  4800          0.0283898926 
0.0680394636  0.8954360403  0.9078439777  0.8003964215  0.7942563223  0.1020517491  0.1009429919  4.1999250013  0.2980956769  0.0299687386  0.2980956769  4900          0.0311917329 
0.0665955134  0.8953824727  0.9076296614  0.8004499920  0.7942563223  0.1022660310  0.1011573082  4.2856377565  0.2940417432  0.0299687386  0.2940417432  5000          0.0287747788 
