Environment:
	Python: 3.6.8
	PyTorch: 1.7.1
	Torchvision: 0.8.2
	CUDA: 10.2
	CUDNN: 7605
	NumPy: 1.19.5
	PIL: 8.3.2
Args:
	algorithm: IB_IRM
	checkpoint_freq: None
	data_dir: ./domainbed/data/MNIST
	dataset: ColoredMNIST
	holdout_fraction: 0.2
	hparams: None
	hparams_seed: 4
	output_dir: ./sweep_ib_cmnist/9b29db09d3d144535bcf18ba68d2e404
	save_model_every_checkpoint: False
	seed: 378592387
	skip_model_save: False
	steps: None
	task: domain_generalization
	test_envs: [2]
	trial_seed: 0
	uda_holdout_fraction: 0
HParams:
	batch_size: 57
	class_balanced: False
	data_augmentation: True
	ib_lambda: 331.5350408966532
	ib_penalty_anneal_iters: 909
	irm_lambda: 3360.4934153418103
	irm_penalty_anneal_iters: 1
	lr: 0.00014524944240203904
	nonlinear_classifier: False
	resnet18: False
	resnet_dropout: 0.0
	weight_decay: 0.0
IB_penalty    IRM_penalty   env0_in_acc   env0_out_acc  env1_in_acc   env1_out_acc  env2_in_acc   env2_out_acc  epoch         loss          mem_gb        nll           step          step_time    
0.0249256957  0.0006252900  0.5174094708  0.5210030004  0.5072587990  0.5195027861  0.4903841003  0.4819974282  0.0000000000  0.6589683890  0.1739792824  0.6589683890  0             0.3361597061 
0.0420648858  0.0082095874  0.5059995715  0.5120017145  0.5002410671  0.5115730819  0.5060266781  0.4937848264  0.3053516901  28.223013166  0.1781320572  28.223013166  100           0.1174871969 
0.0399774966  0.0000950573  0.5052496250  0.5109301329  0.4995446510  0.5107158165  0.5064552419  0.4946420917  0.6107033803  1.0064190412  0.1781320572  1.0064190412  200           0.0701991439 
0.0381721376  0.0000410194  0.6423826870  0.6457351050  0.6165425617  0.6161594514  0.3819574650  0.3900557222  0.9160550704  0.8297760758  0.1781320572  0.8297760758  300           0.0721286416 
0.0377309222  0.0000132236  0.4394150418  0.4378482640  0.4539026089  0.4663523360  0.5434724380  0.5578654093  1.2214067606  0.7361640978  0.1781320572  0.7361640978  400           0.0701788259 
0.0365272280  0.0000511438  0.5158024427  0.5233604801  0.5112230139  0.5237891127  0.4575454010  0.4678525504  1.5267584507  0.8639202192  0.1781320572  0.8639202192  500           0.0690912294 
0.0346758882  0.0000243023  0.5328369402  0.5342906129  0.5325976322  0.5165023575  0.4749558044  0.4899271324  1.8321101409  0.7737371767  0.1781320572  0.7737371767  600           0.1796064258 
0.0334897755  0.0000235698  0.5321941290  0.5332190313  0.5247763433  0.5375053579  0.4824556704  0.5032147450  2.1374618310  0.7715914273  0.1781320572  0.7715914273  700           0.1104543710 
0.0319238933  0.0000535299  0.4539854296  0.4537076725  0.4739379654  0.4706386627  0.5685969893  0.5885126447  2.4428135212  0.8714264518  0.1781320572  0.8714264518  800           0.1169383216 
0.0290617414  0.0000243988  0.4637347332  0.4725675096  0.4663845288  0.4753536219  0.5141158194  0.5057865409  2.7481652113  0.7743080038  0.1781320572  0.7743080038  900           0.1192216921 
0.0046445009  0.0001371998  0.5059995715  0.5120017145  0.5002410671  0.5115730819  0.5060266781  0.4937848264  3.0535169015  1.9218650791  0.1781320572  1.9218650791  1000          0.1108460498 
0.0011575402  0.0000147702  0.7412684808  0.7518216888  0.6822199604  0.6755250750  0.2223710291  0.2321045864  3.3588685916  1.1254960102  0.1781320572  1.1254960102  1100          0.1056891346 
0.0006680982  0.0000036836  0.4435933148  0.4378482640  0.4481169979  0.4498499786  0.4425456688  0.4498499786  3.6642202818  0.9266475511  0.1781320572  0.9266475511  1200          0.0657455492 
0.0004602420  0.0000075459  0.5236768802  0.5289327047  0.5122408528  0.5175739391  0.4642952804  0.4513501929  3.9695719719  0.8698599330  0.1781320572  0.8698599330  1300          0.0654497218 
0.0003774869  0.0000090779  0.5110884937  0.5154307758  0.5022767451  0.5132876125  0.4934376172  0.4807115302  4.2749236621  0.8482600570  0.1781320572  0.8482600570  1400          0.0642660236 
0.0002959354  0.0000036176  0.5059995715  0.5120017145  0.5002410671  0.5115730819  0.5060266781  0.4937848264  4.5802753522  0.8030457300  0.1781320572  0.8030457300  1500          0.0677060199 
0.0002785105  0.0000084161  0.4883758303  0.4796399486  0.4978839664  0.4937848264  0.5277762897  0.5321474496  4.8856270424  0.8134570879  0.1781320572  0.8134570879  1600          0.1231394458 
0.0002316373  0.0000022400  0.5173559031  0.5192884698  0.5052231210  0.5006429490  0.4201532115  0.4024860694  5.1909787325  0.7770661545  0.1781320572  0.7770661545  1700          0.1015723443 
0.0003269940  0.0000455893  0.5775658882  0.5855122160  0.5556329351  0.5570081440  0.4314030107  0.4179168453  5.4963304227  0.9531114323  0.1781320572  0.9531114323  1800          0.1080882764 
0.0004523073  0.0000146487  0.4919648597  0.5000000000  0.4910269459  0.5027861123  0.5179728933  0.5081440206  5.8016821128  0.8913318574  0.1781320572  0.8913318574  1900          0.1077063131 
0.0002858192  0.0000522571  0.5059995715  0.5120017145  0.5002410671  0.5115730819  0.5060266781  0.4937848264  6.1070338030  0.9609244630  0.1781320572  0.9609244630  2000          0.1039938736 
0.0003078854  0.0000276352  0.4814656096  0.4781397342  0.4960625703  0.4952850407  0.5597578615  0.5747963995  6.4123854931  0.8862170291  0.1781320572  0.8862170291  2100          0.1075232196 
0.0002631339  0.0000026718  0.4940004285  0.4879982855  0.4997589329  0.4884269181  0.4939733219  0.5062151736  6.7177371833  0.7892338479  0.1781320572  0.7892338479  2200          0.0791353750 
0.0002342159  0.0000120149  0.5254446111  0.5267895414  0.5316869342  0.5332190313  0.5314190818  0.5443634805  7.0230888734  0.8097745814  0.1781320572  0.8097745814  2300          0.0686958933 
0.0001784846  0.0000017211  0.5059995715  0.5120017145  0.5002410671  0.5115730819  0.5060266781  0.4937848264  7.3284405636  0.7579270095  0.1781320572  0.7579270095  2400          0.0655205250 
0.0001591431  0.0000031099  0.5138204414  0.5079297042  0.5205978465  0.5150021432  0.5173300477  0.5272181740  7.6337922537  0.7558933789  0.1781320572  0.7558933789  2500          0.0648883224 
0.0001361804  0.0000003798  0.5059995715  0.5120017145  0.5002410671  0.5115730819  0.5060266781  0.4937848264  7.9391439439  0.7393722683  0.1781320572  0.7393722683  2600          0.2036974859 
0.0001265747  0.0000054478  0.5105528177  0.5139305615  0.5029731612  0.5150021432  0.5003482081  0.4884269181  8.2444956340  0.7526295134  0.1781320572  0.7526295134  2700          0.1186719108 
0.0001174232  0.0000012307  0.4940004285  0.4879982855  0.4997589329  0.4884269181  0.4939733219  0.5062151736  8.5498473242  0.7361716622  0.1781320572  0.7361716622  2800          0.0953469539 
0.0001071801  0.0000017706  0.4904113992  0.4869267038  0.4999196443  0.4882126018  0.5060802486  0.5150021432  8.8551990143  0.7341000587  0.1781320572  0.7341000587  2900          0.0920543051 
0.0001129900  0.0000066338  0.4964645382  0.5017145306  0.4938661810  0.5008572653  0.5177586115  0.5040720103  9.1605507045  0.7523263004  0.1781320572  0.7523263004  3000          0.1017931914 
0.0001286076  0.0000062380  0.4950717806  0.4886412345  0.5008839128  0.4901414488  0.4945625971  0.5070724389  9.4659023946  0.7561092003  0.1781320572  0.7561092003  3100          0.1057289219 
0.0002512695  0.0000389659  0.5271052068  0.5252893270  0.5290084106  0.5143591942  0.4795628649  0.4841405915  9.7712540847  0.9066470317  0.1781320572  0.9066470317  3200          0.1044069266 
0.0001746153  0.0000006186  0.4794836083  0.4809258465  0.4829378047  0.4989284183  0.5274548669  0.5195027861  10.076605774  0.7528453064  0.1781320572  0.7528453064  3300          0.0661641550 
0.0001356587  0.0000122998  0.5059995715  0.5120017145  0.5002410671  0.5115730819  0.5060266781  0.4937848264  10.381957465  0.7782700476  0.1781320572  0.7782700476  3400          0.0669010448 
0.0001251340  0.0000070772  0.4940004285  0.4879982855  0.4997589329  0.4884269181  0.4939733219  0.5062151736  10.687309155  0.7573212063  0.1781320572  0.7573212063  3500          0.0673348665 
0.0001269821  0.0000107849  0.4270944933  0.4275610802  0.4476348637  0.4541363052  0.5889001982  0.5765109301  10.992660845  0.7699802670  0.1781320572  0.7699802670  3600          0.1185889316 
0.0001155646  0.0000005579  0.5106063853  0.5190741535  0.5044195639  0.5171453065  0.5084373493  0.4965709387  11.298012535  0.7331169838  0.1781320572  0.7331169838  3700          0.0916787195 
0.0000976897  0.0000024873  0.4754124705  0.4789969996  0.4925804896  0.5000000000  0.5865430974  0.6000857265  11.603364225  0.7331908143  0.1781320572  0.7331908143  3800          0.1029456067 
0.0000858412  0.0000003481  0.5067495179  0.5062151736  0.5158836449  0.5158594085  0.5621685327  0.5730818688  11.908715915  0.7225233424  0.1781320572  0.7225233424  3900          0.1243987131 
0.0001326752  0.0000250490  0.5059995715  0.5120017145  0.5002410671  0.5115730819  0.5060266781  0.4937848264  12.214067605  0.8212901788  0.1781320572  0.8212901788  4000          0.1193173289 
0.0002683259  0.0000259752  0.4940004285  0.4879982855  0.4997589329  0.4884269181  0.4939733219  0.5062151736  12.519419296  0.8684280130  0.1781320572  0.8684280130  4100          0.1180375266 
0.0001435452  -0.000014747  0.4940004285  0.4879982855  0.4997589329  0.4884269181  0.4939733219  0.5062151736  12.824770986  0.6902153620  0.1781320572  0.6902153620  4200          0.1103792953 
0.0001525250  0.0000257008  0.6094386115  0.6255893699  0.5818288959  0.5906558080  0.4168854128  0.4059151307  13.130122676  0.8273169851  0.1781320572  0.8273169851  4300          0.0641259837 
0.0001142609  0.0000009917  0.5058388687  0.5109301329  0.5001339262  0.5107158165  0.5049016982  0.4914273468  13.435474366  0.7337800014  0.1781320572  0.7337800014  4400          0.0656348252 
0.0000946824  0.0000001570  0.5040711378  0.5087869696  0.4988482349  0.5083583369  0.5027053088  0.4897128161  13.740826056  0.7247391534  0.1781320572  0.7247391534  4500          0.0667649984 
0.0000834267  0.0000007141  0.5320334262  0.5456493785  0.5230620882  0.5216459494  0.4751700862  0.4738534076  14.046177746  0.7229673588  0.1781320572  0.7229673588  4600          0.0685622907 
0.0000747493  0.0000001652  0.5035354618  0.5107158165  0.5081159265  0.5070724389  0.4908126641  0.5000000000  14.351529437  0.7182091564  0.1781320572  0.7182091564  4700          0.1589236569 
0.0000680678  -0.000000534  0.5059995715  0.5120017145  0.5002410671  0.5115730819  0.5060266781  0.4937848264  14.656881127  0.7137657213  0.1781320572  0.7137657213  4800          0.0967143703 
0.0000829666  0.0000044167  0.4940004285  0.4879982855  0.4997589329  0.4884269181  0.4939733219  0.5062151736  14.962232817  0.7347958925  0.1781320572  0.7347958925  4900          0.0946633172 
0.0000728075  0.0000030267  0.5497107349  0.5550792970  0.5548293780  0.5552936134  0.5218299673  0.5347192456  15.267584507  0.7260824552  0.1781320572  0.7260824552  5000          0.0815177679 
