Environment:
	Python: 3.6.8
	PyTorch: 1.7.1
	Torchvision: 0.8.2
	CUDA: 10.2
	CUDNN: 7605
	NumPy: 1.19.5
	PIL: 8.3.2
Args:
	algorithm: IB_ERM
	checkpoint_freq: None
	data_dir: ./domainbed/data/MNIST
	dataset: ColoredMNIST
	holdout_fraction: 0.2
	hparams: None
	hparams_seed: 6
	output_dir: ./sweep_ib_cmnist/24bd4fe80ba40fba461912b02f536a35
	save_model_every_checkpoint: False
	seed: 2069967461
	skip_model_save: False
	steps: None
	task: domain_generalization
	test_envs: [0]
	trial_seed: 0
	uda_holdout_fraction: 0
HParams:
	batch_size: 150
	class_balanced: False
	data_augmentation: True
	ib_lambda: 50653.72008636415
	ib_penalty_anneal_iters: 2
	lr: 0.0018486359452623148
	nonlinear_classifier: False
	resnet18: False
	resnet_dropout: 0.1
	weight_decay: 0.0
IB_penalty    env0_in_acc   env0_out_acc  env1_in_acc   env1_out_acc  env2_in_acc   env2_out_acc  epoch         loss          mem_gb        nll           step          step_time    
0.0240281411  0.5118920077  0.5096442349  0.4964911341  0.5077153879  0.5072052285  0.5023574796  0.0000000000  0.6991016865  0.4558644295  0.6991016865  0             0.6694014072 
0.0014956366  0.5118920077  0.5096442349  0.4964911341  0.5077153879  0.5072052285  0.5023574796  0.8035570793  70.342601078  0.4600172043  70.342601078  100           0.1045653033 
0.0000019563  0.5118920077  0.5096442349  0.4964911341  0.5077153879  0.5072052285  0.5023574796  1.6071141587  0.7939183509  0.4600172043  0.7939183509  200           0.1113183784 
0.0000008132  0.4881079923  0.4903557651  0.5035088659  0.4922846121  0.4927947715  0.4976425204  2.4106712380  0.7355179876  0.4600172043  0.7355179876  300           0.1095931554 
0.0000005844  0.4881079923  0.4903557651  0.5035088659  0.4922846121  0.4927947715  0.4976425204  3.2142283174  0.7240361363  0.4600172043  0.7240361363  400           0.1048026323 
0.0000004635  0.4881079923  0.4903557651  0.5035088659  0.4922846121  0.4927947715  0.4976425204  4.0177853967  0.7176143956  0.4600172043  0.7176143956  500           0.1277491951 
0.0000003815  0.5118920077  0.5096442349  0.4964911341  0.5077153879  0.5072052285  0.5023574796  4.8213424760  0.7152230752  0.4600172043  0.7152230752  600           0.1011249185 
0.0000003110  0.5118920077  0.5096442349  0.4964911341  0.5077153879  0.5072052285  0.5023574796  5.6248995554  0.7106440336  0.4600172043  0.7106440336  700           0.0588820720 
0.0000002632  0.5118920077  0.5096442349  0.4964911341  0.5077153879  0.5072052285  0.5023574796  6.4284566347  0.7091550881  0.4600172043  0.7091550881  800           0.0436267638 
0.0000002305  0.5118920077  0.5096442349  0.4964911341  0.5077153879  0.5072052285  0.5023574796  7.2320137140  0.7065724432  0.4600172043  0.7065724432  900           0.0564317870 
0.0000002050  0.4881079923  0.4903557651  0.5035088659  0.4922846121  0.4927947715  0.4976425204  8.0355707934  0.7057190228  0.4600172043  0.7057190228  1000          0.0482217073 
0.0000001855  0.5118920077  0.5096442349  0.4964911341  0.5077153879  0.5072052285  0.5023574796  8.8391278727  0.7063725144  0.4600172043  0.7063725144  1100          0.0588734889 
0.0000001717  0.5118920077  0.5096442349  0.4964911341  0.5077153879  0.5072052285  0.5023574796  9.6426849521  0.7040111327  0.4600172043  0.7040111327  1200          0.1067996812 
0.0000001565  0.4881079923  0.4903557651  0.5035088659  0.4922846121  0.4927947715  0.4976425204  10.446242031  0.7034104735  0.4600172043  0.7034104735  1300          0.1045918560 
0.0000001451  0.4881079923  0.4903557651  0.5035088659  0.4922846121  0.4927947715  0.4976425204  11.249799110  0.7024659985  0.4600172043  0.7024659985  1400          0.1164253449 
0.0000001361  0.4881079923  0.4903557651  0.5035088659  0.4922846121  0.4927947715  0.4976425204  12.053356190  0.7019171119  0.4600172043  0.7019171119  1500          0.1112420726 
0.0000001271  0.5118920077  0.5096442349  0.4964911341  0.5077153879  0.5072052285  0.5023574796  12.856913269  0.7010735995  0.4600172043  0.7010735995  1600          0.1085442615 
0.0000001186  0.5118920077  0.5096442349  0.4964911341  0.5077153879  0.5072052285  0.5023574796  13.660470348  0.7011945289  0.4600172043  0.7011945289  1700          0.1271268654 
0.0000001098  0.5118920077  0.5096442349  0.4964911341  0.5077153879  0.5072052285  0.5023574796  14.464027428  0.6997181326  0.4600172043  0.6997181326  1800          0.0580386448 
0.0000001033  0.4881079923  0.4903557651  0.5035088659  0.4922846121  0.4927947715  0.4976425204  15.267584507  0.6995458519  0.4600172043  0.6995458519  1900          0.0510718632 
0.0000000964  0.4881079923  0.4903557651  0.5035088659  0.4922846121  0.4927947715  0.4976425204  16.071141586  0.6997012299  0.4600172043  0.6997012299  2000          0.0543654346 
0.0000000906  0.4881079923  0.4903557651  0.5035088659  0.4922846121  0.4927947715  0.4976425204  16.874698666  0.6988571006  0.4600172043  0.6988571006  2100          0.0482979679 
0.0000000857  0.5118920077  0.5096442349  0.4964911341  0.5077153879  0.5072052285  0.5023574796  17.678255745  0.7005360729  0.4600172043  0.7005360729  2200          0.0428358674 
0.0000000805  0.5118920077  0.5096442349  0.4964911341  0.5077153879  0.5072052285  0.5023574796  18.481812824  0.6996528524  0.4600172043  0.6996528524  2300          0.1505363870 
0.0000000745  0.4881079923  0.4903557651  0.5035088659  0.4922846121  0.4927947715  0.4976425204  19.285369904  0.6974970055  0.4600172043  0.6974970055  2400          0.0972517323 
0.0000000715  0.5118920077  0.5096442349  0.4964911341  0.5077153879  0.5072052285  0.5023574796  20.088926983  0.6985370392  0.4600172043  0.6985370392  2500          0.1081849170 
0.0000000663  0.4881079923  0.4903557651  0.5035088659  0.4922846121  0.4927947715  0.4976425204  20.892484062  0.6978163987  0.4600172043  0.6978163987  2600          0.0993742585 
0.0000000620  0.5118920077  0.5096442349  0.4964911341  0.5077153879  0.5072052285  0.5023574796  21.696041142  0.6973512709  0.4600172043  0.6973512709  2700          0.1103173876 
0.0000000592  0.5118920077  0.5096442349  0.4964911341  0.5077153879  0.5072052285  0.5023574796  22.499598221  0.6995383751  0.4600172043  0.6995383751  2800          0.0841069698 
0.0000000559  0.4881079923  0.4903557651  0.5035088659  0.4922846121  0.4927947715  0.4976425204  23.303155300  0.6977219033  0.4600172043  0.6977219033  2900          0.0931858921 
0.0000000533  0.5118920077  0.5096442349  0.4964911341  0.5077153879  0.5072052285  0.5023574796  24.106712380  0.6981303310  0.4600172043  0.6981303310  3000          0.0695201993 
0.0000000500  0.4881079923  0.4903557651  0.5035088659  0.4922846121  0.4927947715  0.4976425204  24.910269459  0.6967994314  0.4600172043  0.6967994314  3100          0.0565994501 
0.0000000465  0.5118920077  0.5096442349  0.4964911341  0.5077153879  0.5072052285  0.5023574796  25.713826538  0.6963442415  0.4600172043  0.6963442415  3200          0.0558677244 
0.0000000446  0.5118920077  0.5096442349  0.4964911341  0.5077153879  0.5072052285  0.5023574796  26.517383618  0.6979026377  0.4600172043  0.6979026377  3300          0.0557868075 
0.0000000423  0.5118920077  0.5096442349  0.4964911341  0.5077153879  0.5072052285  0.5023574796  27.320940697  0.6971907514  0.4600172043  0.6971907514  3400          0.0583014846 
0.0000000402  0.5118920077  0.5096442349  0.4964911341  0.5077153879  0.5072052285  0.5023574796  28.124497776  0.6971960300  0.4600172043  0.6971960300  3500          0.2193372583 
0.0000000375  0.5118920077  0.5096442349  0.4964911341  0.5077153879  0.5072052285  0.5023574796  28.928054856  0.6963872105  0.4600172043  0.6963872105  3600          0.1138925672 
0.0000000356  0.4881079923  0.4903557651  0.5035088659  0.4922846121  0.4927947715  0.4976425204  29.731611935  0.6961647761  0.4600172043  0.6961647761  3700          0.1011462116 
0.0000000341  0.5118920077  0.5096442349  0.4964911341  0.5077153879  0.5072052285  0.5023574796  30.535169014  0.6951346433  0.4600172043  0.6951346433  3800          0.1156355643 
0.0000000324  0.5118920077  0.5096442349  0.4964911341  0.5077153879  0.5072052285  0.5023574796  31.338726094  0.6966006273  0.4600172043  0.6966006273  3900          0.1009015131 
0.0000000306  0.5118920077  0.5096442349  0.4964911341  0.5077153879  0.5072052285  0.5023574796  32.142283173  0.6957027751  0.4600172043  0.6957027751  4000          0.1056461263 
0.0000000289  0.5118920077  0.5096442349  0.4964911341  0.5077153879  0.5072052285  0.5023574796  32.945840252  0.6950871742  0.4600172043  0.6950871742  4100          0.0600281763 
0.0000000276  0.5118920077  0.5096442349  0.4964911341  0.5077153879  0.5072052285  0.5023574796  33.749397332  0.6959489870  0.4600172043  0.6959489870  4200          0.0520869017 
0.0000000263  0.4881079923  0.4903557651  0.5035088659  0.4922846121  0.4927947715  0.4976425204  34.552954411  0.6968193001  0.4600172043  0.6968193001  4300          0.0579444671 
0.0000000249  0.5118920077  0.5096442349  0.4964911341  0.5077153879  0.5072052285  0.5023574796  35.356511490  0.6955439651  0.4600172043  0.6955439651  4400          0.0541940594 
0.0000000237  0.4881079923  0.4903557651  0.5035088659  0.4922846121  0.4927947715  0.4976425204  36.160068570  0.6957236558  0.4600172043  0.6957236558  4500          0.2106113100 
0.0000000224  0.5118920077  0.5096442349  0.4964911341  0.5077153879  0.5072052285  0.5023574796  36.963625649  0.6968949652  0.4600172043  0.6968949652  4600          0.1091872883 
0.0000000215  0.4881079923  0.4903557651  0.5035088659  0.4922846121  0.4927947715  0.4976425204  37.767182728  0.6949379200  0.4600172043  0.6949379200  4700          0.0922010875 
0.0000000204  0.5118920077  0.5096442349  0.4964911341  0.5077153879  0.5072052285  0.5023574796  38.570739808  0.6970173103  0.4600172043  0.6970173103  4800          0.1272757220 
0.0000000195  0.4881079923  0.4903557651  0.5035088659  0.4922846121  0.4927947715  0.4976425204  39.374296887  0.6951201200  0.4600172043  0.6951201200  4900          0.1157857823 
0.0000000186  0.4881079923  0.4903557651  0.5035088659  0.4922846121  0.4927947715  0.4976425204  40.177853966  0.6953216791  0.4600172043  0.6953216791  5000          0.0952732801 
