Environment:
	Python: 3.6.8
	PyTorch: 1.7.1
	Torchvision: 0.8.2
	CUDA: 10.2
	CUDNN: 7605
	NumPy: 1.19.5
	PIL: 8.3.2
Args:
	algorithm: IB_IRM
	checkpoint_freq: None
	data_dir: ./domainbed/data/MNIST
	dataset: ColoredMNIST
	holdout_fraction: 0.2
	hparams: None
	hparams_seed: 1
	output_dir: ./sweep_ib_cmnist/fe8989b34dc95fcb1a6790d1048eec20
	save_model_every_checkpoint: False
	seed: 721076831
	skip_model_save: False
	steps: None
	task: domain_generalization
	test_envs: [0, 2]
	trial_seed: 1
	uda_holdout_fraction: 0
HParams:
	batch_size: 8
	class_balanced: False
	data_augmentation: True
	ib_lambda: 0.23089854065872417
	ib_penalty_anneal_iters: 42
	irm_lambda: 2.23642000834826
	irm_penalty_anneal_iters: 93
	lr: 9.242078636590432e-05
	nonlinear_classifier: False
	resnet18: False
	resnet_dropout: 0.5
	weight_decay: 0.0
IB_penalty    IRM_penalty   env0_in_acc   env0_out_acc  env1_in_acc   env1_out_acc  env2_in_acc   env2_out_acc  epoch         loss          mem_gb        nll           step          step_time    
0.0322731882  0.0049106455  0.5546389544  0.5477925418  0.5343118873  0.5398628375  0.4409385547  0.4462066009  0.0000000000  0.7636278272  0.0299220085  0.7636278272  0             0.1178221703 
0.0852119043  0.0006980597  0.9014891793  0.8945563652  0.7946643810  0.8039005572  0.1004446349  0.1035147878  0.0428563776  0.5590749651  0.0299220085  0.5590749651  100           0.0494970202 
0.0707751016  -0.015211006  0.9014891793  0.8945563652  0.7946643810  0.8039005572  0.1004446349  0.1035147878  0.0857127551  0.4842577066  0.0299220085  0.4842577066  200           0.0615644598 
0.0597748679  -0.009321724  0.9014891793  0.8945563652  0.7946643810  0.8039005572  0.1004446349  0.1035147878  0.1285691327  0.5072478423  0.0299220085  0.5072478423  300           0.0448867941 
0.0589413795  0.0018155860  0.9014891793  0.8945563652  0.7946643810  0.8039005572  0.1004446349  0.1035147878  0.1714255103  0.5211588785  0.0299220085  0.5211588785  400           0.0464712644 
0.0597565957  0.0039045600  0.9014891793  0.8945563652  0.7946643810  0.8039005572  0.1004446349  0.1035147878  0.2142818878  0.5015468186  0.0299220085  0.5015468186  500           0.0460538125 
0.0470141899  -0.001548293  0.9014891793  0.8945563652  0.7946643810  0.8039005572  0.1004446349  0.1035147878  0.2571382654  0.5657966560  0.0299220085  0.5657966560  600           0.0454317951 
0.0454735771  -0.005853170  0.9014891793  0.8945563652  0.7946643810  0.8039005572  0.1004446349  0.1035147878  0.2999946430  0.5177860594  0.0299220085  0.5177860594  700           0.1541682696 
0.0491699392  -0.002196290  0.9014891793  0.8945563652  0.7946643810  0.8039005572  0.1004446349  0.1035147878  0.3428510205  0.5048713607  0.0299220085  0.5048713607  800           0.0771585655 
0.0442080931  0.0038054081  0.9014891793  0.8945563652  0.7946643810  0.8039005572  0.1004446349  0.1035147878  0.3857073981  0.5327773789  0.0299220085  0.5327773789  900           0.0807953930 
0.0453526234  0.0018069627  0.9014891793  0.8945563652  0.7946643810  0.8039005572  0.1004446349  0.1035147878  0.4285637756  0.5205073696  0.0299220085  0.5205073696  1000          0.0859088254 
0.0382552898  -0.000574188  0.9014891793  0.8945563652  0.7946643810  0.8039005572  0.1004446349  0.1035147878  0.4714201532  0.5368841553  0.0299220085  0.5368841553  1100          0.0636348581 
0.0411837197  0.0002167522  0.9014891793  0.8945563652  0.7946643810  0.8039005572  0.1004446349  0.1035147878  0.5142765308  0.5405634418  0.0299220085  0.5405634418  1200          0.0752258754 
0.0459690001  0.0020322823  0.9014891793  0.8945563652  0.7946643810  0.8039005572  0.1004446349  0.1035147878  0.5571329083  0.5112285751  0.0299220085  0.5112285751  1300          0.0791980267 
0.0422284660  -0.008265751  0.9014891793  0.8945563652  0.7946643810  0.8039005572  0.1004446349  0.1035147878  0.5999892859  0.5088558182  0.0299220085  0.5088558182  1400          0.0448219848 
0.0388593979  0.0140431364  0.9014891793  0.8945563652  0.7946643810  0.8039005572  0.1004446349  0.1035147878  0.6428456635  0.5308330616  0.0299220085  0.5308330616  1500          0.0443626618 
0.0403681926  -0.014463494  0.9014891793  0.8945563652  0.7946643810  0.8039005572  0.1004446349  0.1035147878  0.6857020410  0.4955060706  0.0299220085  0.4955060706  1600          0.0431600237 
0.0423999503  0.0020722124  0.9014891793  0.8945563652  0.7946643810  0.8039005572  0.1004446349  0.1035147878  0.7285584186  0.5061066140  0.0299220085  0.5061066140  1700          0.0449638081 
0.0348868189  0.0083037813  0.9014891793  0.8945563652  0.7946643810  0.8039005572  0.1004446349  0.1035147878  0.7714147962  0.5349227265  0.0299220085  0.5349227265  1800          0.1489492249 
0.0403438485  -0.008529851  0.9014891793  0.8945563652  0.7946643810  0.8039005572  0.1004446349  0.1035147878  0.8142711737  0.4970009550  0.0299220085  0.4970009550  1900          0.0716886902 
0.0391608760  0.0002333356  0.9014891793  0.8945563652  0.7946643810  0.8039005572  0.1004446349  0.1035147878  0.8571275513  0.4819053656  0.0299220085  0.4819053656  2000          0.0641606188 
0.0357218162  0.0112583036  0.9014891793  0.8945563652  0.7946643810  0.8039005572  0.1004446349  0.1035147878  0.8999839289  0.5290228623  0.0299220085  0.5290228623  2100          0.0976894093 
0.0295629053  0.0050509478  0.9014891793  0.8945563652  0.7946643810  0.8039005572  0.1004446349  0.1035147878  0.9428403064  0.5457821611  0.0299220085  0.5457821611  2200          0.0682080698 
0.0284018747  0.0070877271  0.9014891793  0.8945563652  0.7946643810  0.8039005572  0.1004446349  0.1035147878  0.9856966840  0.5507782757  0.0299220085  0.5507782757  2300          0.0660654140 
0.0314115749  0.0008955327  0.9014891793  0.8945563652  0.7946643810  0.8039005572  0.1004446349  0.1035147878  1.0285530616  0.5131791776  0.0299220085  0.5131791776  2400          0.0839571929 
0.0391248518  -0.010834571  0.9014891793  0.8945563652  0.7946643810  0.8039005572  0.1004446349  0.1035147878  1.0714094391  0.4863099849  0.0299220085  0.4863099849  2500          0.0455378890 
0.0401934666  -0.000928624  0.9014891793  0.8945563652  0.7946643810  0.8039005572  0.1004446349  0.1035147878  1.1142658167  0.4838913557  0.0299220085  0.4838913557  2600          0.0438154769 
0.0438286567  -0.006654864  0.9014891793  0.8945563652  0.7946643810  0.8039005572  0.1004446349  0.1035147878  1.1571221942  0.4648493591  0.0299220085  0.4648493591  2700          0.0448570609 
0.0387621754  0.0042891491  0.9014891793  0.8945563652  0.7946643810  0.8039005572  0.1004446349  0.1035147878  1.1999785718  0.5262130758  0.0299220085  0.5262130758  2800          0.0434758830 
0.0298290247  0.0044292423  0.9014891793  0.8945563652  0.7946643810  0.8039005572  0.1004446349  0.1035147878  1.2428349494  0.5329450467  0.0299220085  0.5329450467  2900          0.1772314906 
0.0305991610  0.0102505389  0.9014891793  0.8945563652  0.7946643810  0.8039005572  0.1004446349  0.1035147878  1.2856913269  0.5049866545  0.0299220085  0.5049866545  3000          0.0684914732 
0.0343842542  0.0105621727  0.9014891793  0.8945563652  0.7946643810  0.8039005572  0.1004446349  0.1035147878  1.3285477045  0.5334067211  0.0299220085  0.5334067211  3100          0.0903369784 
0.0314834564  -0.001772980  0.9014891793  0.8945563652  0.7946643810  0.8039005572  0.1004446349  0.1035147878  1.3714040821  0.4942427376  0.0299220085  0.4942427376  3200          0.0652961206 
0.0297415810  0.0120871844  0.9014891793  0.8945563652  0.7946643810  0.8039005572  0.1004446349  0.1035147878  1.4142604596  0.5405610281  0.0299220085  0.5405610281  3300          0.0657564950 
0.0371635831  -0.009726561  0.9014891793  0.8945563652  0.7946643810  0.8039005572  0.1004446349  0.1035147878  1.4571168372  0.4847798964  0.0299220085  0.4847798964  3400          0.0750929999 
0.0334708887  -0.004580251  0.9014891793  0.8945563652  0.7946643810  0.8039005572  0.1004446349  0.1035147878  1.4999732148  0.4716143180  0.0299220085  0.4716143180  3500          0.0940740585 
0.0339701032  -0.000298539  0.9014891793  0.8945563652  0.7946108105  0.8039005572  0.1007660577  0.1039434205  1.5428295923  0.5299423110  0.0299220085  0.5299423110  3600          0.0415714288 
0.0304823063  0.0046787197  0.9014891793  0.8945563652  0.7946643810  0.8039005572  0.1004446349  0.1035147878  1.5856859699  0.4982678466  0.0299220085  0.4982678466  3700          0.0466704082 
0.0301521268  -0.000019794  0.9014891793  0.8945563652  0.7946643810  0.8039005572  0.1004446349  0.1035147878  1.6285423475  0.5074774188  0.0299220085  0.5074774188  3800          0.0426788330 
0.0337469317  -0.002362278  0.9014891793  0.8945563652  0.7946643810  0.8039005572  0.1004446349  0.1035147878  1.6713987250  0.4903241092  0.0299220085  0.4903241092  3900          0.0428976560 
0.0274148263  0.0016008003  0.9014891793  0.8945563652  0.7946643810  0.8039005572  0.1004446349  0.1035147878  1.7142551026  0.5240568876  0.0299220085  0.5240568876  4000          0.0414042521 
0.0312761793  0.0054835250  0.9014891793  0.8945563652  0.7946643810  0.8039005572  0.1004446349  0.1035147878  1.7571114802  0.4975989559  0.0299220085  0.4975989559  4100          0.0846862125 
0.0309662835  -0.005611353  0.9014891793  0.8945563652  0.7946643810  0.8039005572  0.1004446349  0.1035147878  1.7999678577  0.4955168432  0.0299220085  0.4955168432  4200          0.0542605186 
0.0308656168  0.0029298836  0.9014891793  0.8945563652  0.7946643810  0.8039005572  0.1004446349  0.1035147878  1.8428242353  0.4864061758  0.0299220085  0.4864061758  4300          0.0561350012 
0.0371220454  -0.005573388  0.9014891793  0.8945563652  0.7946643810  0.8039005572  0.1004446349  0.1035147878  1.8856806128  0.4591222937  0.0299220085  0.4591222937  4400          0.0678651690 
0.0244282187  -0.001075506  0.9014891793  0.8945563652  0.7946643810  0.8039005572  0.1004446349  0.1035147878  1.9285369904  0.5307960874  0.0299220085  0.5307960874  4500          0.0900363183 
0.0374601709  -0.001849438  0.9014891793  0.8945563652  0.7946643810  0.8039005572  0.1004446349  0.1035147878  1.9713933680  0.4481325367  0.0299220085  0.4481325367  4600          0.0695857191 
0.0317392699  -0.010875959  0.9014891793  0.8945563652  0.7946643810  0.8039005572  0.1004446349  0.1035147878  2.0142497455  0.4869344985  0.0299220085  0.4869344985  4700          0.0805025148 
0.0313568555  -0.007566342  0.9014891793  0.8945563652  0.7946643810  0.8039005572  0.1004446349  0.1035147878  2.0571061231  0.4818199968  0.0299220085  0.4818199968  4800          0.0441513371 
0.0344305394  -0.003079925  0.9004178273  0.8941277325  0.7944500991  0.8019717102  0.1044624203  0.1097299614  2.0999625007  0.4615129802  0.0299220085  0.4615129802  4900          0.0434815431 
0.0284265055  0.0138999422  0.8965609599  0.8909129876  0.7935394011  0.8011144449  0.1182300316  0.1215173596  2.1428188782  0.5048332416  0.0299220085  0.5048332416  5000          0.0434776855 
