Environment:
	Python: 3.6.8
	PyTorch: 1.7.1
	Torchvision: 0.8.2
	CUDA: 10.2
	CUDNN: 7605
	NumPy: 1.19.5
	PIL: 8.3.2
Args:
	algorithm: IB_IRM
	checkpoint_freq: None
	data_dir: ./domainbed/data/MNIST
	dataset: ColoredMNIST
	holdout_fraction: 0.2
	hparams: None
	hparams_seed: 4
	output_dir: ./sweep_ib_cmnist/8461af414722509d518bdca97cdb1f5f
	save_model_every_checkpoint: False
	seed: 912647519
	skip_model_save: False
	steps: None
	task: domain_generalization
	test_envs: [1, 2]
	trial_seed: 1
	uda_holdout_fraction: 0
HParams:
	batch_size: 66
	class_balanced: False
	data_augmentation: True
	ib_lambda: 71.9837674690448
	ib_penalty_anneal_iters: 1999
	irm_lambda: 54628.4133869617
	irm_penalty_anneal_iters: 8469
	lr: 0.0026225693030627445
	nonlinear_classifier: False
	resnet18: False
	resnet_dropout: 0.0
	weight_decay: 0.0
IB_penalty    IRM_penalty   env0_in_acc   env0_out_acc  env1_in_acc   env1_out_acc  env2_in_acc   env2_out_acc  epoch         loss          mem_gb        nll           step          step_time    
0.0285578594  -0.000234081  0.5026783801  0.5102871839  0.5013660470  0.4854264895  0.5006160604  0.5068581226  0.0000000000  0.6650153399  0.1010074615  0.6650153399  0             0.3429844379 
0.1547460033  0.1861030729  0.8984893936  0.9097728247  0.8016821128  0.8099014145  0.1044624203  0.0975139306  0.3535651149  0.5891651163  0.1051602364  0.5891651163  100           0.0891685390 
0.1759591694  -0.000015594  0.8984893936  0.9097728247  0.8016821128  0.8099014145  0.1044624203  0.0975139306  0.7071302298  0.3334689960  0.1051602364  0.3334689960  200           0.0856306815 
0.1743511513  0.0023321227  0.8984893936  0.9097728247  0.8016821128  0.8099014145  0.1044624203  0.0975139306  1.0606953447  0.3364666717  0.1051602364  0.3364666717  300           0.0843919992 
0.1849952614  -0.001332759  0.8984893936  0.9097728247  0.8016821128  0.8099014145  0.1044624203  0.0975139306  1.4142604596  0.3102730645  0.1051602364  0.3102730645  400           0.0662372684 
0.1777157059  0.0016428426  0.8984358260  0.9097728247  0.8016285423  0.8099014145  0.1045695613  0.0975139306  1.7678255745  0.3431751002  0.1051602364  0.3431751002  500           0.0431222177 
0.1786276121  0.0009328367  0.8984893936  0.9097728247  0.8016821128  0.8099014145  0.1044624203  0.0975139306  2.1213906895  0.3282686423  0.1051602364  0.3282686423  600           0.0419774032 
0.1793940718  -0.000958480  0.8984893936  0.9097728247  0.8014142605  0.8096870982  0.1047302727  0.0981568796  2.4749558044  0.3255000153  0.1051602364  0.3255000153  700           0.0431223059 
0.1696550153  0.0041907397  0.8984893936  0.9097728247  0.8016821128  0.8099014145  0.1044624203  0.0975139306  2.8285209193  0.3336484368  0.1051602364  0.3336484368  800           0.0404032350 
0.1658822304  0.0011438290  0.8984893936  0.9097728247  0.8016821128  0.8099014145  0.1044624203  0.0975139306  3.1820860342  0.3212716872  0.1051602364  0.3212716872  900           0.0390429616 
0.1738186903  -0.000043814  0.8984358260  0.9097728247  0.8015749719  0.8099014145  0.1047302727  0.0977282469  3.5356511491  0.3245380431  0.1051602364  0.3245380431  1000          0.1204081392 
0.1730217141  0.0006567388  0.8984358260  0.9097728247  0.8016285423  0.8099014145  0.1045159908  0.0975139306  3.8892162640  0.3358419961  0.1051602364  0.3358419961  1100          0.1001396084 
0.1749879122  -0.002711707  0.8984893936  0.9097728247  0.8016821128  0.8099014145  0.1044624203  0.0975139306  4.2427813789  0.3151511657  0.1051602364  0.3151511657  1200          0.0960599041 
0.1771039130  0.0021860282  0.8984893936  0.9097728247  0.8016821128  0.8099014145  0.1044624203  0.0975139306  4.5963464938  0.3330195232  0.1051602364  0.3330195232  1300          0.1066138053 
0.1612003019  0.0037829565  0.8984893936  0.9097728247  0.8016821128  0.8099014145  0.1044624203  0.0975139306  4.9499116087  0.3297562872  0.1051602364  0.3297562872  1400          0.0883470798 
0.1555131792  0.0000227940  0.8984893936  0.9097728247  0.8016821128  0.8099014145  0.1044624203  0.0975139306  5.3034767236  0.3368709114  0.1051602364  0.3368709114  1500          0.0909350395 
0.1593512596  -0.001462767  0.8971502036  0.9089155594  0.8017892538  0.8086155165  0.1104087427  0.1022288898  5.6570418385  0.3248709954  0.1051602364  0.3248709954  1600          0.0443185520 
0.1567422214  -0.002405571  0.8984893936  0.9097728247  0.8016821128  0.8099014145  0.1044624203  0.0975139306  6.0106069534  0.3194573329  0.1051602364  0.3194573329  1700          0.0371136975 
0.1592481051  -0.000368902  0.8984893936  0.9097728247  0.8016821128  0.8099014145  0.1044624203  0.0975139306  6.3641720684  0.3257185420  0.1051602364  0.3257185420  1800          0.0403447771 
0.1602618024  0.0004416110  0.8984358260  0.9097728247  0.8014142605  0.8099014145  0.1049445546  0.0981568796  6.7177371833  0.3443324243  0.1051602364  0.3443324243  1900          0.0377366662 
0.1471098450  0.0017600969  0.8984893936  0.9097728247  0.8016821128  0.8099014145  0.1044624203  0.0975139306  7.0713022982  0.5199941470  0.1051602364  0.5199941470  2000          0.0394330239 
0.0014852434  0.0069087213  0.8984893936  0.9097728247  0.8016821128  0.8099014145  0.1044624203  0.0975139306  7.4248674131  0.7232618237  0.1051602364  0.7232618237  2100          0.1703652024 
0.0013378184  0.0171135725  0.8984893936  0.9097728247  0.8016821128  0.8099014145  0.1044624203  0.0975139306  7.7784325280  0.5233168867  0.1051602364  0.5233168867  2200          0.0827357888 
0.0011196057  0.0138909908  0.8984893936  0.9097728247  0.8016821128  0.8099014145  0.1044624203  0.0975139306  8.1319976429  0.4426117322  0.1051602364  0.4426117322  2300          0.0678436089 
0.0009296695  0.0056390747  0.8984893936  0.9097728247  0.8016285423  0.8099014145  0.1044624203  0.0975139306  8.4855627578  0.3957013541  0.1051602364  0.3957013541  2400          0.0888778520 
0.0007755959  0.0025624049  0.8984893936  0.9097728247  0.8016821128  0.8099014145  0.1044624203  0.0975139306  8.8391278727  0.3924797416  0.1051602364  0.3924797416  2500          0.0893829799 
0.0006425524  0.0041289145  0.8984893936  0.9097728247  0.8016821128  0.8099014145  0.1044624203  0.0975139306  9.1926929876  0.3944006953  0.1051602364  0.3944006953  2600          0.0907365680 
0.0005989256  0.0032300257  0.8984893936  0.9097728247  0.8016821128  0.8099014145  0.1044624203  0.0975139306  9.5462581025  0.3837093909  0.1051602364  0.3837093909  2700          0.0776981163 
0.0005626882  0.0023271308  0.8984893936  0.9097728247  0.8016821128  0.8099014145  0.1044624203  0.0975139306  9.8998232174  0.3650580566  0.1051602364  0.3650580566  2800          0.0392735839 
0.0005003603  0.0040677063  0.8984893936  0.9097728247  0.8016821128  0.8099014145  0.1044624203  0.0975139306  10.253388332  0.3650905867  0.1051602364  0.3650905867  2900          0.0366417360 
0.0004927445  0.0030045477  0.8984893936  0.9097728247  0.8016821128  0.8099014145  0.1045159908  0.0977282469  10.606953447  0.3519868273  0.1051602364  0.3519868273  3000          0.0381136179 
0.0004477781  0.0018673381  0.8984893936  0.9097728247  0.8016821128  0.8099014145  0.1044624203  0.0975139306  10.960518562  0.3580040529  0.1051602364  0.3580040529  3100          0.0409920478 
0.0004312509  0.0010683739  0.8984893936  0.9097728247  0.8016821128  0.8099014145  0.1045695613  0.0977282469  11.314083677  0.3551382339  0.1051602364  0.3551382339  3200          0.0394390178 
0.0004133303  0.0029680349  0.8984893936  0.9097728247  0.8016821128  0.8096870982  0.1045695613  0.0979425632  11.667648792  0.3405697885  0.1051602364  0.3405697885  3300          0.1582228661 
0.0003896866  0.0031807140  0.8983822584  0.9097728247  0.8016821128  0.8099014145  0.1045695613  0.0977282469  12.021213906  0.3464823943  0.1051602364  0.3464823943  3400          0.0805928755 
0.0003557179  0.0011786187  0.8985965288  0.9091298757  0.8020571061  0.8088298328  0.1063373868  0.0996570939  12.374779021  0.3523290053  0.1051602364  0.3523290053  3500          0.0750951576 
0.0003766125  0.0034962566  0.8984893936  0.9097728247  0.8016821128  0.8099014145  0.1045159908  0.0975139306  12.728344136  0.3365888029  0.1051602364  0.3365888029  3600          0.0812432218 
0.0003414535  0.0017646364  0.8981679880  0.9097728247  0.8015214014  0.8086155165  0.1077837896  0.1015859408  13.081909251  0.3431545293  0.1051602364  0.3431545293  3700          0.0900636816 
0.0003511653  0.0042907994  0.8985429612  0.9097728247  0.8017356833  0.8096870982  0.1048374136  0.0981568796  13.435474366  0.3279787567  0.1051602364  0.3279787567  3800          0.0858799386 
0.0003321794  0.0021734220  0.8980608528  0.9097728247  0.8022178175  0.8090441492  0.1088551990  0.1024432062  13.789039481  0.3304834872  0.1051602364  0.3304834872  3900          0.0828287721 
0.0003088384  0.0017120088  0.8984893936  0.9097728247  0.8016821128  0.8099014145  0.1044624203  0.0977282469  14.142604596  0.3344292571  0.1051602364  0.3344292571  4000          0.0439904189 
0.0002992406  0.0005902756  0.8979001500  0.9097728247  0.8014142605  0.8096870982  0.1103551722  0.1043720532  14.496169711  0.3275817017  0.1051602364  0.3275817017  4100          0.0375686789 
0.0003195770  0.0003116940  0.8980072852  0.9102014574  0.8013606900  0.8094727818  0.1084802057  0.1000857265  14.849734826  0.3155563782  0.1051602364  0.3155563782  4200          0.0405060887 
0.0002841387  0.0022839643  0.8983822584  0.9099871410  0.8017892538  0.8099014145  0.1047838431  0.0979425632  15.203299941  0.3400319068  0.1051602364  0.3400319068  4300          0.0425283408 
0.0003036427  -0.000946709  0.8985429612  0.9099871410  0.8017356833  0.8090441492  0.1055338298  0.0990141449  15.556865056  0.3098940910  0.1051602364  0.3098940910  4400          0.0400591207 
0.0002763340  0.0021268462  0.8985429612  0.9097728247  0.8016821128  0.8099014145  0.1046231317  0.0979425632  15.910430170  0.3230393961  0.1051602364  0.3230393961  4500          0.1601768494 
0.0002759811  -0.000467886  0.8965073923  0.9063437634  0.8011999786  0.8071153022  0.1189800182  0.1105872267  16.263995285  0.3144808818  0.1051602364  0.3144808818  4600          0.0774876952 
0.0002575194  0.0037693927  0.8983822584  0.9097728247  0.8017892538  0.8099014145  0.1046231317  0.0979425632  16.617560400  0.3292852767  0.1051602364  0.3292852767  4700          0.0820870876 
0.0002690113  0.0023240613  0.8983822584  0.9091298757  0.8017892538  0.8094727818  0.1079980715  0.1005143592  16.971125515  0.3127691965  0.1051602364  0.3127691965  4800          0.0805521345 
0.0002499337  0.0022517196  0.8985429612  0.9089155594  0.8015749719  0.8092584655  0.1095516151  0.1013716245  17.324690630  0.3099096505  0.1051602364  0.3099096505  4900          0.0829908681 
0.0002484082  -0.002142312  0.8983822584  0.9099871410  0.8018428242  0.8096870982  0.1060695345  0.0987998285  17.678255745  0.3147191525  0.1051602364  0.3147191525  5000          0.0795146370 
