Environment:
	Python: 3.6.8
	PyTorch: 1.7.1
	Torchvision: 0.8.2
	CUDA: 10.2
	CUDNN: 7605
	NumPy: 1.19.5
	PIL: 8.3.2
Args:
	algorithm: IB_IRM
	checkpoint_freq: None
	data_dir: ./domainbed/data/MNIST
	dataset: ColoredMNIST
	holdout_fraction: 0.2
	hparams: None
	hparams_seed: 6
	output_dir: ./sweep_ib_cmnist/8a26b9c51db95d1ce39fbf2b75110c0f
	save_model_every_checkpoint: False
	seed: 1947509171
	skip_model_save: False
	steps: None
	task: domain_generalization
	test_envs: [0, 1]
	trial_seed: 1
	uda_holdout_fraction: 0
HParams:
	batch_size: 11
	class_balanced: False
	data_augmentation: True
	ib_lambda: 1.3175641742381234
	ib_penalty_anneal_iters: 199
	irm_lambda: 76525.10884056186
	irm_penalty_anneal_iters: 7
	lr: 0.0001875488315021176
	nonlinear_classifier: False
	resnet18: False
	resnet_dropout: 0.0
	weight_decay: 0.0
IB_penalty    IRM_penalty   env0_in_acc   env0_out_acc  env1_in_acc   env1_out_acc  env2_in_acc   env2_out_acc  epoch         loss          mem_gb        nll           step          step_time    
0.0297432281  0.0520948768  0.4926076709  0.4899271324  0.5001339262  0.4989284183  0.4914019393  0.4787826832  0.0000000000  0.9418239594  0.0299396515  0.9418239594  0             0.1236219406 
0.1279224688  0.0408535595  0.0995821727  0.1037291042  0.2005678470  0.1973853408  0.8995553651  0.9072010287  0.0589275192  3059.8580957  0.0299396515  3059.8580957  100           0.0368744540 
0.1265327054  0.0105196940  0.5073923291  0.5100728676  0.4998660738  0.5010715817  0.5085980607  0.5212173168  0.1178550383  805.44621595  0.0299396515  805.44621595  200           0.0421009231 
0.0990184293  0.0337260267  0.0995286051  0.1039434205  0.2005678470  0.1973853408  0.8995553651  0.9072010287  0.1767825575  2581.4800499  0.0299396515  2581.4800499  300           0.1532553601 
0.1085829241  0.0174519783  0.2708377973  0.2788255465  0.3277977179  0.3366909559  0.7278620025  0.7353193313  0.2357100766  1336.1083319  0.0299396515  1336.1083319  400           0.0817516088 
0.1268335992  -0.000391404  0.0995821727  0.1037291042  0.2005678470  0.1973853408  0.8995553651  0.9072010287  0.2946375958  -29.40637485  0.0299396515  -29.40637485  500           0.0891126776 
0.1490313087  -0.009725161  0.0995821727  0.1037291042  0.2005678470  0.1973853408  0.8995553651  0.9072010287  0.3535651149  -743.6637044  0.0299396515  -743.6637044  600           0.0794923925 
0.0853754189  0.0265105137  0.4953931862  0.4980711530  0.4914555097  0.4916416631  0.5125087052  0.5235747964  0.4124926341  2029.3316358  0.0299396515  2029.3316358  700           0.0578205657 
0.0825689072  -0.003063847  0.4877865867  0.4961423060  0.4863127444  0.4869267038  0.5140086784  0.5282897557  0.4714201532  -233.8306395  0.0299396515  -233.8306395  800           0.0698403144 
0.0898678482  -0.000882979  0.5071244911  0.5098585512  0.4997589329  0.5008572653  0.5085980607  0.5212173168  0.5303476724  -66.92770214  0.0299396515  -66.92770214  900           0.0656247592 
0.0855133466  0.0018867490  0.4598242983  0.4635662237  0.4640809986  0.4654950707  0.5257406118  0.5390055722  0.5892751915  145.03072975  0.0299396515  145.03072975  1000          0.0540529251 
0.1024518257  -0.003105875  0.0995821727  0.1037291042  0.2005678470  0.1973853408  0.8995553651  0.9072010287  0.6482027107  -237.0301945  0.0299396515  -237.0301945  1100          0.0388669610 
0.1074168685  0.0043116072  0.0995821727  0.1037291042  0.2005678470  0.1973853408  0.8995553651  0.9072010287  0.7071302298  330.55309074  0.0299396515  330.55309074  1200          0.0386527514 
0.1058468702  0.0070155277  0.0996357403  0.1037291042  0.2005142765  0.1973853408  0.8995017946  0.9069867124  0.7660577490  537.49413890  0.0299396515  537.49413890  1300          0.0406230092 
0.1104491020  0.0019907482  0.1004928219  0.1045863695  0.2011035517  0.1988855551  0.8990196604  0.9061294471  0.8249852681  152.98062883  0.0299396515  152.98062883  1400          0.0395250297 
0.1082256696  -0.003795255  0.4182022713  0.4245606515  0.4324744201  0.4331333048  0.5587400225  0.5732961852  0.8839127873  -289.7904319  0.0299396515  -289.7904319  1500          0.0370947623 
0.1068709537  -0.001036668  0.1005463895  0.1045863695  0.2012106927  0.1988855551  0.8988053785  0.9061294471  0.9428403064  -78.68114978  0.0299396515  -78.68114978  1600          0.1775759935 
0.1126338881  0.0027423410  0.0995821727  0.1037291042  0.2005678470  0.1973853408  0.8995553651  0.9072010287  1.0017678256  210.48417942  0.0299396515  210.48417942  1700          0.0709015894 
0.1114838991  0.0032764459  0.1121169916  0.1183026147  0.2105855253  0.2048864123  0.8961268549  0.9027003858  1.0606953447  251.34190849  0.0299396515  251.34190849  1800          0.0703498101 
0.1255426933  -0.007178252  0.0995821727  0.1037291042  0.2005678470  0.1973853408  0.8995553651  0.9072010287  1.1196228639  -548.6941772  0.0299396515  -548.6941772  1900          0.0742415094 
0.1367887195  -0.001215660  0.0995821727  0.1037291042  0.2005678470  0.1973853408  0.8995553651  0.9072010287  1.1785503830  -92.41734344  0.0299396515  -92.41734344  2000          0.0742836714 
0.1342280223  0.0078895056  0.0995821727  0.1037291042  0.2005678470  0.1973853408  0.8995553651  0.9072010287  1.2374779022  604.38129280  0.0299396515  604.38129280  2100          0.0639065528 
0.1276041953  -0.005793831  0.0995821727  0.1037291042  0.2005678470  0.1973853408  0.8995553651  0.9072010287  1.2964054213  -442.7919534  0.0299396515  -442.7919534  2200          0.0671571493 
0.1352852284  -0.004752805  0.0995821727  0.1037291042  0.2005678470  0.1973853408  0.8995553651  0.9072010287  1.3553329405  -363.0901887  0.0299396515  -363.0901887  2300          0.0658317137 
0.1382771032  0.0099070802  0.0995821727  0.1037291042  0.2005678470  0.1973853408  0.8995553651  0.9072010287  1.4142604596  758.72141174  0.0299396515  758.72141174  2400          0.0424307323 
0.1284059086  0.0033572111  0.0995821727  0.1037291042  0.2005678470  0.1973853408  0.8995553651  0.9072010287  1.4731879788  257.51919090  0.0299396515  257.51919090  2500          0.0384765172 
0.1284501281  -0.007715514  0.0995821727  0.1037291042  0.2005678470  0.1973853408  0.8995553651  0.9072010287  1.5321154979  -589.8221578  0.0299396515  -589.8221578  2600          0.0343435311 
0.1300136222  0.0127958490  0.0995821727  0.1037291042  0.2005678470  0.1973853408  0.8995553651  0.9072010287  1.5910430171  979.82280273  0.0299396515  979.82280273  2700          0.0390309286 
0.1317247351  -0.006359310  0.0995821727  0.1037291042  0.2005678470  0.1973853408  0.8995553651  0.9072010287  1.6499705362  -486.0758021  0.0299396515  -486.0758021  2800          0.0384619546 
0.1425766028  -0.003490856  0.0995821727  0.1037291042  0.2005678470  0.1973853408  0.8995553651  0.9072010287  1.7088980554  -266.5605996  0.0299396515  -266.5605996  2900          0.0363799191 
0.1352632868  0.0072819075  0.0995821727  0.1037291042  0.2005678470  0.1973853408  0.8995553651  0.9072010287  1.7678255745  557.86787153  0.0299396515  557.86787153  3000          0.1319777513 
0.1274317982  0.0035936057  0.0995821727  0.1037291042  0.2005678470  0.1973853408  0.8995553651  0.9072010287  1.8267530937  275.61228853  0.0299396515  275.61228853  3100          0.0761648297 
0.1368827456  0.0029018752  0.0995821727  0.1037291042  0.2005678470  0.1973853408  0.8995553651  0.9072010287  1.8856806128  222.64927719  0.0299396515  222.64927719  3200          0.0636994004 
0.1401271279  0.0003659067  0.0995821727  0.1037291042  0.2005678470  0.1973853408  0.8995553651  0.9072010287  1.9446081320  28.584767761  0.0299396515  28.584767761  3300          0.0664407063 
0.1477090836  0.0077121349  0.0995821727  0.1037291042  0.2005678470  0.1973853408  0.8995553651  0.9072010287  2.0035356511  590.71979673  0.0299396515  590.71979673  3400          0.0752706265 
0.1409315155  0.0133532163  0.0995821727  0.1037291042  0.2005678470  0.1973853408  0.8995553651  0.9072010287  2.0624631703  1022.4214283  0.0299396515  1022.4214283  3500          0.0584495640 
0.1426999022  -0.004135507  0.0995821727  0.1037291042  0.2005678470  0.1973853408  0.8995553651  0.9072010287  2.1213906895  -315.8986240  0.0299396515  -315.8986240  3600          0.0697010255 
0.1469966737  -0.008453643  0.0995821727  0.1037291042  0.2005678470  0.1973853408  0.8995553651  0.9072010287  2.1803182086  -646.3307933  0.0299396515  -646.3307933  3700          0.0741163683 
0.1532330852  0.0057394156  0.0995821727  0.1037291042  0.2005678470  0.1973853408  0.8995553651  0.9072010287  2.2392457278  439.79174860  0.0299396515  439.79174860  3800          0.0396327043 
0.1478116161  -0.005929339  0.0995821727  0.1037291042  0.2005678470  0.1973853408  0.8995553651  0.9072010287  2.2981732469  -453.1490565  0.0299396515  -453.1490565  3900          0.0379351139 
0.1328324729  0.0069383127  0.0995821727  0.1037291042  0.2005678470  0.1973853408  0.8995553651  0.9072010287  2.3571007661  531.53348327  0.0299396515  531.53348327  4000          0.0382067418 
0.1327058409  0.0013831358  0.0995821727  0.1037291042  0.2005678470  0.1973853408  0.8995553651  0.9072010287  2.4160282852  106.42259429  0.0299396515  106.42259429  4100          0.0371046853 
0.1499030565  -0.026821938  0.0995821727  0.1037291042  0.2005678470  0.1973853408  0.8995553651  0.9072010287  2.4749558044  -2051.953973  0.0299396515  -2051.953973  4200          0.0351548886 
0.1727379560  -0.012302831  0.0995821727  0.1037291042  0.2005678470  0.1973853408  0.8995553651  0.9072010287  2.5338833235  -940.8885106  0.0299396515  -940.8885106  4300          0.0366133451 
0.1468346266  0.0242372532  0.0995821727  0.1037291042  0.2005678470  0.1973853408  0.8995553651  0.9072010287  2.5928108427  1855.3363882  0.0299396515  1855.3363882  4400          0.0932445216 
0.1427548033  -0.010977543  0.0995821727  0.1037291042  0.2005678470  0.1973853408  0.8995553651  0.9072010287  2.6517383618  -839.5121902  0.0299396515  -839.5121902  4500          0.0651970959 
0.1434322049  0.0205096759  0.0995821727  0.1037291042  0.2005678470  0.1973853408  0.8995553651  0.9072010287  2.7106658810  1570.0821765  0.0299396515  1570.0821765  4600          0.0593893027 
0.1394807687  -0.000749918  0.0995821727  0.1037291042  0.2005678470  0.1973853408  0.8995553651  0.9072010287  2.7695934001  -56.80471401  0.0299396515  -56.80471401  4700          0.0623129749 
0.1420368175  0.0015053500  0.0995821727  0.1037291042  0.2005678470  0.1973853408  0.8995553651  0.9072010287  2.8285209193  115.75688352  0.0299396515  115.75688352  4800          0.0778844666 
0.1442807500  0.0053005418  0.0995821727  0.1037291042  0.2005678470  0.1973853408  0.8995553651  0.9072010287  2.8874484384  406.21430698  0.0299396515  406.21430698  4900          0.0671156287 
0.1352923949  -0.000560547  0.0995821727  0.1037291042  0.2005678470  0.1973853408  0.8995553651  0.9072010287  2.9463759576  -42.32676421  0.0299396515  -42.32676421  5000          0.0662436604 
