Environment:
	Python: 3.6.8
	PyTorch: 1.7.1
	Torchvision: 0.8.2
	CUDA: 10.2
	CUDNN: 7605
	NumPy: 1.19.5
	PIL: 8.3.2
Args:
	algorithm: IB_IRM
	checkpoint_freq: None
	data_dir: ./domainbed/data/MNIST
	dataset: ColoredMNIST
	holdout_fraction: 0.2
	hparams: None
	hparams_seed: 1
	output_dir: ./sweep_ib_cmnist/5c603215cd15c5a15adc1b30e3ee86c0
	save_model_every_checkpoint: False
	seed: 1764409288
	skip_model_save: False
	steps: None
	task: domain_generalization
	test_envs: [0, 2]
	trial_seed: 0
	uda_holdout_fraction: 0
HParams:
	batch_size: 372
	class_balanced: False
	data_augmentation: True
	ib_lambda: 2.661822006035993
	ib_penalty_anneal_iters: 1222
	irm_lambda: 65030.52212762795
	irm_penalty_anneal_iters: 2
	lr: 0.00011906162909279594
	nonlinear_classifier: False
	resnet18: False
	resnet_dropout: 0.5
	weight_decay: 0.0
IB_penalty    IRM_penalty   env0_in_acc   env0_out_acc  env1_in_acc   env1_out_acc  env2_in_acc   env2_out_acc  epoch         loss          mem_gb        nll           step          step_time    
0.0259900093  0.0007276423  0.7400899936  0.7477496785  0.6814699738  0.6654522075  0.2617988964  0.2644663523  0.0000000000  0.7195675373  0.5690660477  0.7195675373  0             0.1974055767 
0.0644610029  0.0008024837  0.9008999357  0.8947706815  0.8006642739  0.7996142306  0.0992660845  0.1013716245  1.9928215568  51.198559845  0.5732188225  51.198559845  100           0.1112766337 
0.0880564300  0.0007425795  0.9008999357  0.8947706815  0.8006642739  0.7996142306  0.0992660845  0.1013716245  3.9856431135  48.794443002  0.5732188225  48.794443002  200           0.1096861005 
0.0965032670  0.0005884435  0.9008999357  0.8947706815  0.8006642739  0.7996142306  0.0992660845  0.1013716245  5.9784646703  38.777224630  0.5732188225  38.777224630  300           0.1058121514 
0.1044463417  0.0000412691  0.9008999357  0.8947706815  0.8006642739  0.7996142306  0.0992660845  0.1013716245  7.9712862270  3.1885092926  0.5732188225  3.1885092926  400           0.0633966899 
0.1045890616  0.0003200756  0.9008999357  0.8947706815  0.8006642739  0.7996142306  0.0992660845  0.1013716245  9.9641077838  21.340289439  0.5732188225  21.340289439  500           0.0628058696 
0.1120282904  0.0002585097  0.9008999357  0.8947706815  0.8006642739  0.7996142306  0.0992660845  0.1013716245  11.956929340  17.328712592  0.5732188225  17.328712592  600           0.0667657995 
0.1122224887  0.0000904561  0.9008999357  0.8947706815  0.8006642739  0.7996142306  0.0992660845  0.1013716245  13.949750897  6.3975384063  0.5732188225  6.3975384063  700           0.0623678946 
0.1137482429  0.0002718750  0.9008999357  0.8947706815  0.8006642739  0.7996142306  0.0992660845  0.1013716245  15.942572454  18.207495039  0.5732188225  18.207495039  800           0.1519651031 
0.1193630895  0.0005141330  0.9008999357  0.8947706815  0.8006642739  0.7996142306  0.0992660845  0.1013716245  17.935394010  33.949274436  0.5732188225  33.949274436  900           0.1419843769 
0.1108911020  0.0003534491  0.9008999357  0.8947706815  0.8006642739  0.7996142306  0.0992660845  0.1013716245  19.928215567  23.512136394  0.5732188225  23.512136394  1000          0.1157009602 
0.1276541150  0.0002495872  0.9008999357  0.8947706815  0.8006642739  0.7996142306  0.0992660845  0.1013716245  21.921037124  16.735953122  0.5732188225  16.735953122  1100          0.1012370968 
0.1271243552  0.0000663959  0.9008999357  0.8947706815  0.8006642739  0.7996142306  0.0992660845  0.1013716245  23.913858681  4.8240910378  0.5732188225  4.8240910378  1200          0.1031088424 
0.1283656508  -0.000254556  0.9008999357  0.8947706815  0.8006642739  0.7996142306  0.0992660845  0.1013716245  25.906680237  -15.76822808  0.5732188225  -15.76822808  1300          0.1186937594 
0.1310754362  0.0002133900  0.9008999357  0.8947706815  0.8006642739  0.7996142306  0.0992660845  0.1013716245  27.899501794  14.741979600  0.5732188225  14.741979600  1400          0.0614973927 
0.1281072856  0.0002873166  0.9008999357  0.8947706815  0.8006642739  0.7996142306  0.0992660845  0.1013716245  29.892323351  19.550449445  0.5732188225  19.550449445  1500          0.0601699829 
0.1328944576  -0.000218707  0.9008999357  0.8947706815  0.8006642739  0.7996142306  0.0992660845  0.1013716245  31.885144908  -13.35072218  0.5732188225  -13.35072218  1600          0.0618688655 
0.1301052327  0.0003180564  0.9008999357  0.8947706815  0.8006642739  0.7996142306  0.0992660845  0.1013716245  33.877966464  21.554372655  0.5732188225  21.554372655  1700          0.0625783920 
0.1345591511  -0.000159237  0.9008999357  0.8947706815  0.8006642739  0.7996142306  0.0992660845  0.1013716245  35.870788021  -9.481047722  0.5732188225  -9.481047722  1800          0.0621966434 
0.1358824131  0.0000359117  0.9008999357  0.8947706815  0.8006642739  0.7996142306  0.0992660845  0.1013716245  37.863609578  3.2011024845  0.5732188225  3.2011024845  1900          0.1575049162 
0.1311921772  0.0003369953  0.9008999357  0.8947706815  0.8006642739  0.7996142306  0.0992660845  0.1013716245  39.856431135  22.772430661  0.5732188225  22.772430661  2000          0.1320977449 
0.1307970971  -0.000048593  0.9008999357  0.8947706815  0.8006642739  0.7996142306  0.0992660845  0.1013716245  41.849252691  -2.302253653  0.5732188225  -2.302253653  2100          0.1122984576 
0.1283170488  -0.000157437  0.9008999357  0.8947706815  0.8006642739  0.7996142306  0.0992660845  0.1013716245  43.842074248  -9.384597255  0.5732188225  -9.384597255  2200          0.1032962823 
0.1321683105  0.0003543663  0.9008999357  0.8947706815  0.8006642739  0.7996142306  0.0992660845  0.1013716245  45.834895805  23.901404149  0.5732188225  23.901404149  2300          0.1159767008 
0.1335824887  -0.000028220  0.9008999357  0.8947706815  0.8006642739  0.7996142306  0.0992660845  0.1013716245  47.827717362  -0.973176276  0.5732188225  -0.973176276  2400          0.1030454874 
0.1341308962  0.0002878926  0.9008999357  0.8947706815  0.8006642739  0.7996142306  0.0992660845  0.1013716245  49.820538918  19.580828450  0.5732188225  19.580828450  2500          0.0962972379 
0.1329706661  0.0001556689  0.9008999357  0.8947706815  0.8006642739  0.7996142306  0.0992660845  0.1013716245  51.813360475  10.982309518  0.5732188225  10.982309518  2600          0.0627701902 
0.1321277094  -0.000329546  0.9008999357  0.8947706815  0.8006642739  0.7996142306  0.0992660845  0.1013716245  53.806182032  -20.57490789  0.5732188225  -20.57490789  2700          0.0610937238 
0.1315786950  -0.000122181  0.9008999357  0.8947706815  0.8006642739  0.7996142306  0.0992660845  0.1013716245  55.799003589  -7.091617572  0.5732188225  -7.091617572  2800          0.0613333869 
0.1335608907  0.0001969575  0.9008999357  0.8947706815  0.8006642739  0.7996142306  0.0992660845  0.1013716245  57.791825146  13.666339850  0.5732188225  13.666339850  2900          0.0638842392 
0.1337755848  -0.000026855  0.9008999357  0.8947706815  0.8006642739  0.7996142306  0.0992660845  0.1013716245  59.784646702  -0.890817165  0.5732188225  -0.890817165  3000          0.0720618629 
0.1321931043  0.0001073268  0.9008999357  0.8947706815  0.8006642739  0.7996142306  0.0992660845  0.1013716245  61.777468259  7.8297496319  0.5732188225  7.8297496319  3100          0.0937307835 
0.1367548126  0.0004204293  0.9008999357  0.8947706815  0.8006642739  0.7996142306  0.0992660845  0.1013716245  63.770289816  28.202143902  0.5732188225  28.202143902  3200          0.1137514710 
0.1319425691  -0.000125282  0.9008999357  0.8947706815  0.8006642739  0.7996142306  0.0992660845  0.1013716245  65.763111373  -7.293096481  0.5732188225  -7.293096481  3300          0.1211181951 
0.1334719265  0.0001330816  0.9008999357  0.8947706815  0.8006642739  0.7996142306  0.0992660845  0.1013716245  67.755932929  9.5093699750  0.5732188225  9.5093699750  3400          0.1187590194 
0.1345189512  0.0002125295  0.9008999357  0.8947706815  0.8006642739  0.7996142306  0.0992660845  0.1013716245  69.748754486  14.679757391  0.5732188225  14.679757391  3500          0.1091076183 
0.1355621991  0.0002743253  0.9008999357  0.8947706815  0.8006642739  0.7996142306  0.0992660845  0.1013716245  71.741576043  18.701828441  0.5732188225  18.701828441  3600          0.0995578885 
0.1347254585  -0.000183626  0.9008999357  0.8947706815  0.8006642739  0.7996142306  0.0992660845  0.1013716245  73.734397600  -11.07711464  0.5732188225  -11.07711464  3700          0.0635875416 
0.1337953146  0.0003250149  0.9008999357  0.8947706815  0.8006642739  0.7996142306  0.0992660845  0.1013716245  75.727219156  21.993467958  0.5732188225  21.993467958  3800          0.0701196837 
0.1351094198  0.0002305691  0.9008999357  0.8947706815  0.8006642739  0.7996142306  0.0992660845  0.1013716245  77.720040713  15.855900206  0.5732188225  15.855900206  3900          0.0644028091 
0.1333430012  0.0002139310  0.9008999357  0.8947706815  0.8006642739  0.7996142306  0.0992660845  0.1013716245  79.712862270  14.771813422  0.5732188225  14.771813422  4000          0.0651439691 
0.1346901505  0.0001395516  0.9008999357  0.8947706815  0.8006642739  0.7996142306  0.0992660845  0.1013716245  81.705683827  9.9377576688  0.5732188225  9.9377576688  4100          0.1209788394 
0.1377843231  0.0000473917  0.9008999357  0.8947706815  0.8006642739  0.7996142306  0.0992660845  0.1013716245  83.698505383  3.9477134678  0.5732188225  3.9477134678  4200          0.1044241118 
0.1347186862  -0.000085321  0.9008999357  0.8947706815  0.8006642739  0.7996142306  0.0992660845  0.1013716245  85.691326940  -4.689875265  0.5732188225  -4.689875265  4300          0.1106426930 
0.1348146041  0.0000387824  0.9008999357  0.8947706815  0.8006642739  0.7996142306  0.0992660845  0.1013716245  87.684148497  3.3880273336  0.5732188225  3.3880273336  4400          0.1046356654 
0.1355972713  0.0005113837  0.9008999357  0.8947706815  0.8006642739  0.7996142306  0.0992660845  0.1013716245  89.676970054  34.114754897  0.5732188225  34.114754897  4500          0.1151163673 
0.1364996070  -0.000140831  0.9008999357  0.8947706815  0.8006642739  0.7996142306  0.0992660845  0.1013716245  91.669791610  -8.294835226  0.5732188225  -8.294835226  4600          0.1188948989 
0.1385281619  -0.000191338  0.9008999357  0.8947706815  0.8006642739  0.7996142306  0.0992660845  0.1013716245  93.662613167  -11.57583484  0.5732188225  -11.57583484  4700          0.1128668642 
0.1354964297  0.0001047858  0.9008999357  0.8947706815  0.8006642739  0.7996142306  0.0992660845  0.1013716245  95.655434724  7.6774665877  0.5732188225  7.6774665877  4800          0.0621642303 
0.1353559777  -0.000022187  0.9008999357  0.8947706815  0.8006642739  0.7996142306  0.0992660845  0.1013716245  97.648256281  -0.584481141  0.5732188225  -0.584481141  4900          0.0622547102 
0.1347263828  -0.000125925  0.9008999357  0.8947706815  0.8006642739  0.7996142306  0.0992660845  0.1013716245  99.641077837  -7.327272051  0.5732188225  -7.327272051  5000          0.0617181945 
