Environment:
	Python: 3.6.8
	PyTorch: 1.7.1
	Torchvision: 0.8.2
	CUDA: 10.2
	CUDNN: 7605
	NumPy: 1.19.5
	PIL: 8.3.2
Args:
	algorithm: IB_ERM
	checkpoint_freq: None
	data_dir: ./domainbed/data/MNIST
	dataset: ColoredMNIST
	holdout_fraction: 0.2
	hparams: None
	hparams_seed: 4
	output_dir: ./sweep_ib_cmnist/44b699bad7484658241335cb15c1f7a7
	save_model_every_checkpoint: False
	seed: 2119676792
	skip_model_save: False
	steps: None
	task: domain_generalization
	test_envs: [2]
	trial_seed: 0
	uda_holdout_fraction: 0
HParams:
	batch_size: 57
	class_balanced: False
	data_augmentation: True
	ib_lambda: 331.5350408966532
	ib_penalty_anneal_iters: 909
	lr: 0.00014524944240203904
	nonlinear_classifier: False
	resnet18: False
	resnet_dropout: 0.0
	weight_decay: 0.0
IB_penalty    env0_in_acc   env0_out_acc  env1_in_acc   env1_out_acc  env2_in_acc   env2_out_acc  epoch         loss          mem_gb        nll           step          step_time    
0.0297003165  0.8702056996  0.8660522932  0.7731826217  0.7826832405  0.1154979375  0.1116588084  0.0000000000  0.6872849464  0.1739768982  0.6872849464  0             0.1405515671 
0.1288166592  0.9014356117  0.8973424775  0.7998607168  0.8079725675  0.0998553597  0.0957993999  0.3053516901  0.4278283492  0.1781296730  0.4278283492  100           0.1883555984 
0.1287874848  0.9014356117  0.8973424775  0.7998607168  0.8079725675  0.0998553597  0.0957993999  0.6107033803  0.4210184580  0.1781296730  0.4210184580  200           0.0670705938 
0.1141624872  0.9014356117  0.8973424775  0.7998607168  0.8079725675  0.0998553597  0.0957993999  0.9160550704  0.4137247968  0.1781296730  0.4137247968  300           0.0976426029 
0.1024767246  0.9014356117  0.8973424775  0.7998607168  0.8079725675  0.0998553597  0.0957993999  1.2214067606  0.3983980915  0.1781296730  0.3983980915  400           0.0620934439 
0.0854697562  0.8893829012  0.8840548650  0.7967000589  0.8045435062  0.1459259656  0.1369481354  1.5267584507  0.3972639734  0.1781296730  0.3972639734  500           0.0710609293 
0.0833785926  0.9014356117  0.8973424775  0.7998607168  0.8079725675  0.0998553597  0.0957993999  1.8321101409  0.3823960254  0.1781296730  0.3823960254  600           0.0847204208 
0.0782881039  0.9014356117  0.8973424775  0.7998607168  0.8079725675  0.0998553597  0.0957993999  2.1374618310  0.3900816956  0.1781296730  0.3900816956  700           0.0875028563 
0.0794718022  0.9013284765  0.8971281612  0.7999142872  0.8079725675  0.0999625007  0.0957993999  2.4428135212  0.3701575677  0.1781296730  0.3701575677  800           0.0670687723 
0.0835529093  0.8980608528  0.8928418345  0.7990571597  0.8066866695  0.1143729576  0.1101585941  2.7481652113  0.3691227573  0.1781296730  0.3691227573  900           0.0719560409 
0.0097805960  0.6985215342  0.6948135448  0.6522740665  0.6650235748  0.3680291423  0.3696956708  3.0535169015  1.9218958876  0.1781296730  1.9218958876  1000          0.0482316542 
0.0002334701  0.5260874223  0.5327903986  0.5229549472  0.5186455208  0.4946697380  0.5036433776  3.3588685916  0.7596815211  0.1781296730  0.7596815211  1100          0.0489332747 
0.0001067565  0.8967752303  0.8951993142  0.7982000321  0.8047578225  0.1094980447  0.1056579511  3.6642202818  0.7169140583  0.1781296730  0.7169140583  1200          0.0486465502 
0.0000657372  0.5061602743  0.5137162452  0.5075266513  0.5057865409  0.5046874163  0.5137162452  3.9695719719  0.7015034813  0.1781296730  0.7015034813  1300          0.0495472336 
0.0000492154  0.9010070709  0.8966995285  0.7997000054  0.8079725675  0.1003374940  0.0979425632  4.2749236621  0.6953750622  0.1781296730  0.6953750622  1400          0.1309834170 
0.0000428704  0.5061602743  0.5137162452  0.5075266513  0.5057865409  0.5047409868  0.5137162452  4.5802753522  0.6923056066  0.1781296730  0.6923056066  1500          0.0768390799 
0.0000401423  0.7212877652  0.7278182598  0.6825413832  0.6821688813  0.3791182300  0.3801971710  4.8856270424  0.6899867272  0.1781296730  0.6899867272  1600          0.1023180056 
0.0000391215  0.9013820441  0.8969138448  0.7998607168  0.8079725675  0.0999625007  0.0960137162  5.1909787325  0.6877745253  0.1781296730  0.6877745253  1700          0.1012575722 
0.0000382488  0.9008999357  0.8966995285  0.7998071463  0.8079725675  0.1008196282  0.0972996142  5.4963304227  0.6863716888  0.1781296730  0.6863716888  1800          0.0783046007 
0.0000378639  0.5061602743  0.5137162452  0.5075266513  0.5057865409  0.5047409868  0.5137162452  5.8016821128  0.6868181801  0.1781296730  0.6868181801  1900          0.0790969610 
0.0000398867  0.6970752089  0.6860265752  0.6645417046  0.6699528504  0.4304387422  0.4329189884  6.1070338030  0.6851646376  0.1781296730  0.6851646376  2000          0.0846691871 
0.0000412168  0.9014356117  0.8973424775  0.7998607168  0.8079725675  0.0998553597  0.0957993999  6.4123854931  0.6829657269  0.1781296730  0.6829657269  2100          0.0513842702 
0.0000420726  0.6454360403  0.6358765538  0.6221674613  0.6260180026  0.4522419243  0.4537076725  6.7177371833  0.6821437591  0.1781296730  0.6821437591  2200          0.0533321810 
0.0000455716  0.9014356117  0.8973424775  0.7998607168  0.8079725675  0.0998553597  0.0957993999  7.0230888734  0.6807460761  0.1781296730  0.6807460761  2300          0.0510160446 
0.0000473772  0.5061602743  0.5137162452  0.5075266513  0.5057865409  0.5047409868  0.5137162452  7.3284405636  0.6798627388  0.1781296730  0.6798627388  2400          0.0479337478 
0.0000499039  0.9000964217  0.8971281612  0.7998607168  0.8077582512  0.1040338565  0.1013716245  7.6337922537  0.6783134556  0.1781296730  0.6783134556  2500          0.0708239460 
0.0000517227  0.6698628669  0.6583797685  0.6393635828  0.6450921560  0.4437242192  0.4453493356  7.9391439439  0.6778737479  0.1781296730  0.6778737479  2600          0.0647330832 
0.0000561207  0.9014356117  0.8973424775  0.7998607168  0.8079725675  0.0998553597  0.0957993999  8.2444956340  0.6759071255  0.1781296730  0.6759071255  2700          0.0789143276 
0.0000583329  0.8117098779  0.8154736391  0.7542722451  0.7610372910  0.3610114105  0.3658379769  8.5498473242  0.6745384359  0.1781296730  0.6745384359  2800          0.0642814159 
0.0000611245  0.6452753375  0.6343763395  0.6224888841  0.6221603086  0.4534740451  0.4554222032  8.8551990143  0.6746021813  0.1781296730  0.6746021813  2900          0.0845241737 
0.0000651261  0.9013820441  0.8971281612  0.7998607168  0.8079725675  0.0999089302  0.0957993999  9.1605507045  0.6723913896  0.1781296730  0.6723913896  3000          0.0891757441 
0.0000670159  0.9014356117  0.8973424775  0.7998607168  0.8079725675  0.0998553597  0.0957993999  9.4659023946  0.6706999636  0.1781296730  0.6706999636  3100          0.0769311118 
0.0000707708  0.9014356117  0.8971281612  0.7998607168  0.8079725675  0.0998553597  0.0957993999  9.7712540847  0.6683724707  0.1781296730  0.6683724707  3200          0.0709523988 
0.0000742853  0.5061602743  0.5137162452  0.5075266513  0.5057865409  0.5047409868  0.5137162452  10.076605774  0.6680907112  0.1781296730  0.6680907112  3300          0.0873595595 
0.0000769867  0.8289586458  0.8358336905  0.7682005678  0.7738962709  0.3367439867  0.3431204458  10.381957465  0.6675602961  0.1781296730  0.6675602961  3400          0.0491410851 
0.0000796224  0.7719091493  0.7777539649  0.7262013178  0.7306043721  0.4064927412  0.4106300900  10.687309155  0.6667409432  0.1781296730  0.6667409432  3500          0.0524305773 
0.0000844190  0.8998285837  0.8945563652  0.7995928644  0.8073296185  0.1079980715  0.1015859408  10.992660845  0.6636428863  0.1781296730  0.6636428863  3600          0.0502210164 
0.0000870531  0.9012749089  0.8971281612  0.7999678577  0.8081868838  0.1005517759  0.0962280326  11.298012535  0.6610368586  0.1781296730  0.6610368586  3700          0.0495271134 
0.0000895434  0.9005249625  0.8971281612  0.8001285691  0.8075439348  0.1039802861  0.0998714102  11.603364225  0.6601375532  0.1781296730  0.6601375532  3800          0.1474417520 
0.0000962361  0.9014356117  0.8973424775  0.7998607168  0.8079725675  0.0998553597  0.0957993999  11.908715915  0.6579093218  0.1781296730  0.6579093218  3900          0.1062602353 
0.0001030865  0.8322262696  0.8399057008  0.7714147962  0.7747535362  0.3373332619  0.3461208744  12.214067605  0.6546137470  0.1781296730  0.6546137470  4000          0.1029410410 
0.0001042113  0.9014356117  0.8973424775  0.7998607168  0.8079725675  0.0998553597  0.0957993999  12.519419296  0.6537883770  0.1781296730  0.6537883770  4100          0.0817273736 
0.0001076950  0.9014356117  0.8973424775  0.7998607168  0.8079725675  0.0998553597  0.0957993999  12.824770986  0.6519621783  0.1781296730  0.6519621783  4200          0.1068162417 
0.0001104093  0.9006856653  0.8956279468  0.7996464349  0.8077582512  0.1036052928  0.0983711959  13.130122676  0.6506365716  0.1781296730  0.6506365716  4300          0.0932418704 
0.0001168521  0.9014356117  0.8973424775  0.7998607168  0.8079725675  0.0998553597  0.0957993999  13.435474366  0.6474584323  0.1781296730  0.6474584323  4400          0.0969832826 
0.0001115288  0.8323869724  0.8411915988  0.7732897627  0.7766823832  0.3444581347  0.3474067724  13.740826056  0.6493976605  0.1781296730  0.6493976605  4500          0.0464815545 
0.0001246021  0.9014356117  0.8973424775  0.7998607168  0.8079725675  0.0998553597  0.0960137162  14.046177746  0.6440158039  0.1781296730  0.6440158039  4600          0.0461849737 
0.0001248094  0.9014356117  0.8973424775  0.7998607168  0.8079725675  0.0998553597  0.0957993999  14.351529437  0.6432021397  0.1781296730  0.6432021397  4700          0.0493192148 
0.0001354052  0.9014356117  0.8973424775  0.7998607168  0.8079725675  0.0998553597  0.0957993999  14.656881127  0.6376737720  0.1781296730  0.6376737720  4800          0.0497583508 
0.0001341587  0.8999357189  0.8945563652  0.7996464349  0.8073296185  0.1073016553  0.1000857265  14.962232817  0.6371551007  0.1781296730  0.6371551007  4900          0.0479024982 
0.0001379157  0.9014356117  0.8973424775  0.7998607168  0.8079725675  0.0998553597  0.0957993999  15.267584507  0.6362786657  0.1781296730  0.6362786657  5000          0.1374106669 
