Environment:
	Python: 3.6.8
	PyTorch: 1.7.1
	Torchvision: 0.8.2
	CUDA: 10.2
	CUDNN: 7605
	NumPy: 1.19.5
	PIL: 8.3.2
Args:
	algorithm: IB_ERM
	checkpoint_freq: None
	data_dir: ./domainbed/data/MNIST
	dataset: ColoredMNIST
	holdout_fraction: 0.2
	hparams: None
	hparams_seed: 7
	output_dir: ./sweep_ib_cmnist/7140705fe1659dc842602bfb52ea3194
	save_model_every_checkpoint: False
	seed: 1392319593
	skip_model_save: False
	steps: None
	task: domain_generalization
	test_envs: [1, 2]
	trial_seed: 1
	uda_holdout_fraction: 0
HParams:
	batch_size: 52
	class_balanced: False
	data_augmentation: True
	ib_lambda: 25.07081210189465
	ib_penalty_anneal_iters: 2277
	lr: 0.0029879335085287863
	nonlinear_classifier: False
	resnet18: False
	resnet_dropout: 0.5
	weight_decay: 0.0
IB_penalty    env0_in_acc   env0_out_acc  env1_in_acc   env1_out_acc  env2_in_acc   env2_out_acc  epoch         loss          mem_gb        nll           step          step_time    
0.0268011782  0.5191772016  0.5100728676  0.5152407993  0.5111444492  0.4892591204  0.4729961423  0.0000000000  0.7321945429  0.0802407265  0.7321945429  0             0.2160522938 
0.2362966501  0.8976323120  0.9005572225  0.8005035624  0.8051864552  0.0991589436  0.0983711959  0.2785664542  0.4393142518  0.0843935013  0.4393142518  100           0.0338772583 
0.2611424235  0.8976323120  0.9005572225  0.8005035624  0.8051864552  0.0991589436  0.0983711959  0.5571329083  0.3281186301  0.0843935013  0.3281186301  200           0.0361197495 
0.2619385907  0.8976323120  0.9005572225  0.8005035624  0.8051864552  0.0991589436  0.0983711959  0.8356993625  0.3323275538  0.0843935013  0.3323275538  300           0.0353825665 
0.2611083139  0.8976323120  0.9005572225  0.8005035624  0.8051864552  0.0991589436  0.0983711959  1.1142658167  0.3559898184  0.0843935013  0.3559898184  400           0.0342378950 
0.2447314911  0.8976323120  0.9005572225  0.8005035624  0.8051864552  0.0991589436  0.0983711959  1.3928322709  0.3260537663  0.0843935013  0.3260537663  500           0.1462417412 
0.2305890979  0.8976323120  0.9005572225  0.8005035624  0.8051864552  0.0991589436  0.0983711959  1.6713987250  0.3434422638  0.0843935013  0.3434422638  600           0.0570165157 
0.2154062039  0.8976323120  0.9005572225  0.8005035624  0.8051864552  0.0991589436  0.0983711959  1.9499651792  0.3491348542  0.0843935013  0.3491348542  700           0.0669339204 
0.2327642389  0.8976323120  0.9005572225  0.8005035624  0.8051864552  0.0991589436  0.0983711959  2.2285316334  0.3320667720  0.0843935013  0.3320667720  800           0.0645946288 
0.2221918617  0.8976323120  0.9005572225  0.8005035624  0.8051864552  0.0991589436  0.0983711959  2.5070980875  0.3468867776  0.0843935013  0.3468867776  900           0.0643953514 
0.2359439206  0.8976323120  0.9005572225  0.8005035624  0.8051864552  0.0991589436  0.0983711959  2.7856645417  0.3281732413  0.0843935013  0.3281732413  1000          0.0617446733 
0.2104920542  0.8976323120  0.9005572225  0.8005035624  0.8051864552  0.0991589436  0.0983711959  3.0642309959  0.3203287735  0.0843935013  0.3203287735  1100          0.0565544534 
0.2088389730  0.8976323120  0.9005572225  0.8005035624  0.8051864552  0.0991589436  0.0983711959  3.3427974500  0.3259211038  0.0843935013  0.3259211038  1200          0.0544365048 
0.1966694026  0.8976323120  0.9005572225  0.8005035624  0.8051864552  0.0991589436  0.0983711959  3.6213639042  0.3188983807  0.0843935013  0.3188983807  1300          0.0592457891 
0.1896180351  0.8976323120  0.9005572225  0.8005035624  0.8051864552  0.0991589436  0.0983711959  3.8999303584  0.3247621046  0.0843935013  0.3247621046  1400          0.0334091854 
0.1703017251  0.8976323120  0.9005572225  0.8005035624  0.8051864552  0.0991589436  0.0983711959  4.1784968126  0.3383354620  0.0843935013  0.3383354620  1500          0.0353561115 
0.1718178694  0.8976323120  0.9005572225  0.8005035624  0.8051864552  0.0991589436  0.0983711959  4.4570632667  0.3372947584  0.0843935013  0.3372947584  1600          0.0365972805 
0.1634350811  0.8976323120  0.9005572225  0.8005035624  0.8051864552  0.0991589436  0.0983711959  4.7356297209  0.3118698730  0.0843935013  0.3118698730  1700          0.0328191352 
0.1539894253  0.8976323120  0.9005572225  0.8005035624  0.8051864552  0.0991589436  0.0983711959  5.0141961751  0.3060758731  0.0843935013  0.3060758731  1800          0.0350490594 
0.1348002223  0.8976323120  0.9005572225  0.8005035624  0.8051864552  0.0991589436  0.0983711959  5.2927626292  0.3267907295  0.0843935013  0.3267907295  1900          0.1548601818 
0.1259375702  0.8976323120  0.9005572225  0.8005035624  0.8051864552  0.0991589436  0.0983711959  5.5713290834  0.3169791925  0.0843935013  0.3169791925  2000          0.0951271510 
0.1222155824  0.8975787444  0.9003429061  0.8005035624  0.8051864552  0.0992125141  0.0983711959  5.8498955376  0.3155891971  0.0843935013  0.3155891971  2100          0.0677030158 
0.1157626775  0.8976323120  0.9005572225  0.8005035624  0.8051864552  0.0991589436  0.0983711959  6.1284619918  0.3234259775  0.0843935013  0.3234259775  2200          0.0732018471 
0.0818635166  0.8966145275  0.8990570081  0.8000214282  0.8032576082  0.1024803129  0.1013716245  6.4070284459  0.4557184194  0.0843935013  0.4557184194  2300          0.0690932894 
0.0033769548  0.8976323120  0.9005572225  0.8005035624  0.8051864552  0.0991589436  0.0983711959  6.6855949001  0.4695987844  0.0843935013  0.4695987844  2400          0.0614648294 
0.0022203324  0.8975787444  0.9005572225  0.8005571329  0.8049721389  0.0992125141  0.0983711959  6.9641613543  0.3840266049  0.0843935013  0.3840266049  2500          0.0612911487 
0.0017515756  0.8976323120  0.9005572225  0.8005035624  0.8051864552  0.0991589436  0.0983711959  7.2427278084  0.3649997739  0.0843935013  0.3649997739  2600          0.0353956079 
0.0013658644  0.8976323120  0.9005572225  0.8005035624  0.8051864552  0.0991589436  0.0983711959  7.5212942626  0.3536219813  0.0843935013  0.3536219813  2700          0.0376162624 
0.0011518186  0.8976323120  0.9005572225  0.8005035624  0.8051864552  0.0991589436  0.0983711959  7.7998607168  0.3752323340  0.0843935013  0.3752323340  2800          0.0349422503 
0.0010947570  0.8976323120  0.9005572225  0.8005035624  0.8051864552  0.0991589436  0.0983711959  8.0784271709  0.3406796412  0.0843935013  0.3406796412  2900          0.0356836629 
0.0009198340  0.8976323120  0.9005572225  0.8005035624  0.8051864552  0.0991589436  0.0983711959  8.3569936251  0.3539854075  0.0843935013  0.3539854075  3000          0.0358869004 
0.0008852209  0.8976323120  0.9005572225  0.8005035624  0.8051864552  0.0991589436  0.0983711959  8.6355600793  0.3487271579  0.0843935013  0.3487271579  3100          0.1638920569 
0.0009238548  0.8976323120  0.9005572225  0.8005035624  0.8051864552  0.0991589436  0.0983711959  8.9141265335  0.3145674828  0.0843935013  0.3145674828  3200          0.0895635939 
0.0008001220  0.8977930148  0.9001285898  0.8005035624  0.8045435062  0.0994267960  0.0990141449  9.1926929876  0.3226130806  0.0843935013  0.3226130806  3300          0.0701512957 
0.0007137671  0.8976323120  0.9005572225  0.8005035624  0.8049721389  0.0992125141  0.0985855122  9.4712594418  0.3354108046  0.0843935013  0.3354108046  3400          0.0681525707 
0.0007053201  0.8976323120  0.9005572225  0.8004499920  0.8051864552  0.0992660845  0.0983711959  9.7498258960  0.3371534754  0.0843935013  0.3371534754  3500          0.0571054244 
0.0007037620  0.8967216627  0.8988426918  0.8007714148  0.8041148736  0.1021588900  0.1024432062  10.028392350  0.3204119115  0.0843935013  0.3204119115  3600          0.0739035821 
0.0006232545  0.8976323120  0.9005572225  0.8005035624  0.8051864552  0.0992125141  0.0983711959  10.306958804  0.3285334826  0.0843935013  0.3285334826  3700          0.0747418451 
0.0006231888  0.8973644740  0.8996999571  0.8003428510  0.8045435062  0.1006053463  0.1000857265  10.585525258  0.3224204618  0.0843935013  0.3224204618  3800          0.0347323227 
0.0006303106  0.8976323120  0.9005572225  0.8005035624  0.8049721389  0.0992125141  0.0983711959  10.864091712  0.3159617065  0.0843935013  0.3159617065  3900          0.0379551601 
0.0005743863  0.8966145275  0.8977711102  0.8001285691  0.8034719246  0.1049445546  0.1063009001  11.142658166  0.3158109845  0.0843935013  0.3158109845  4000          0.0360544157 
0.0005859389  0.8976323120  0.9005572225  0.8005035624  0.8051864552  0.0991589436  0.0983711959  11.421224621  0.3036117309  0.0843935013  0.3036117309  4100          0.0355786967 
0.0005157957  0.8976858796  0.9005572225  0.8005035624  0.8051864552  0.0992125141  0.0985855122  11.699791075  0.3125222450  0.0843935013  0.3125222450  4200          0.0351289320 
0.0005235284  0.8968823655  0.8975567938  0.7997000054  0.8047578225  0.1074087963  0.1041577368  11.978357529  0.3185064654  0.0843935013  0.3185064654  4300          0.1634005189 
0.0004890108  0.8976323120  0.8990570081  0.8003964215  0.8041148736  0.1013553329  0.1009429919  12.256923983  0.3162317847  0.0843935013  0.3162317847  4400          0.0981731343 
0.0004837393  0.8976323120  0.9003429061  0.8004499920  0.8049721389  0.0994267960  0.0990141449  12.535490437  0.3078835016  0.0843935013  0.3078835016  4500          0.0799150348 
0.0004711949  0.8974180416  0.8994856408  0.7999678577  0.8039005572  0.1011946215  0.1003000429  12.814056891  0.3131853952  0.0843935013  0.3131853952  4600          0.0649803329 
0.0004545843  0.8961324191  0.8969138448  0.8001821396  0.8043291899  0.1081587829  0.1078011144  13.092623346  0.3107687294  0.0843935013  0.3107687294  4700          0.0836123633 
0.0004308583  0.8973644740  0.9001285898  0.8004499920  0.8043291899  0.1019981786  0.1000857265  13.371189800  0.3258879368  0.0843935013  0.3258879368  4800          0.0685932255 
0.0004246085  0.8977394472  0.8994856408  0.8004499920  0.8041148736  0.1000696416  0.0996570939  13.649756254  0.3183780214  0.0843935013  0.3183780214  4900          0.0587949204 
0.0004445333  0.8976323120  0.9003429061  0.8005571329  0.8051864552  0.0992125141  0.0983711959  13.928322708  0.2989859146  0.0843935013  0.2989859146  5000          0.0355653787 
