Environment:
	Python: 3.6.8
	PyTorch: 1.7.1
	Torchvision: 0.8.2
	CUDA: 10.2
	CUDNN: 7605
	NumPy: 1.19.5
	PIL: 8.3.2
Args:
	algorithm: IB_ERM
	checkpoint_freq: None
	data_dir: ./domainbed/data/MNIST
	dataset: ColoredMNIST
	holdout_fraction: 0.2
	hparams: None
	hparams_seed: 3
	output_dir: ./sweep_ib_cmnist/ad11b6aacaaf9e00ef1af1208307fca3
	save_model_every_checkpoint: False
	seed: 1306173198
	skip_model_save: False
	steps: None
	task: domain_generalization
	test_envs: [1]
	trial_seed: 0
	uda_holdout_fraction: 0
HParams:
	batch_size: 259
	class_balanced: False
	data_augmentation: True
	ib_lambda: 19.739988838233486
	ib_penalty_anneal_iters: 9540
	lr: 0.00040753017105436845
	nonlinear_classifier: False
	resnet18: False
	resnet_dropout: 0.0
	weight_decay: 0.0
IB_penalty    env0_in_acc   env0_out_acc  env1_in_acc   env1_out_acc  env2_in_acc   env2_out_acc  epoch         loss          mem_gb        nll           step          step_time    
0.0193235688  0.5064281123  0.5143591942  0.5060802486  0.5002143163  0.5067766647  0.4931418774  0.0000000000  0.6977154016  0.7898454666  0.6977154016  0             1.1151640415 
0.0301433825  0.6827190915  0.6828118303  0.6736486848  0.6695242177  0.6327744147  0.6125160737  1.3874752237  0.6843677133  0.7939982414  0.6843677133  100           0.1202146530 
0.0223793744  0.7172701950  0.7162451779  0.7144158140  0.7126018003  0.7071302298  0.6986712387  2.7749504473  0.6143543208  0.7939982414  0.6143543208  200           0.0669102359 
0.0254563296  0.7354831798  0.7331761680  0.7302191032  0.7239605658  0.7273798682  0.7186026575  4.1624256710  0.5862577361  0.7939982414  0.5862577361  300           0.0691844225 
0.0264392367  0.7365545318  0.7278182598  0.7301655328  0.7256750964  0.7270048749  0.7136733819  5.5499008946  0.5775499308  0.7939982414  0.5775499308  400           0.0672440481 
0.0258057850  0.7226805228  0.7153879126  0.7133979750  0.7048864123  0.7183264585  0.7044577797  6.9373761183  0.5747677028  0.7939982414  0.5747677028  500           0.0699483109 
0.0246072219  0.7453396186  0.7342477497  0.7342904591  0.7308186884  0.7361654256  0.7203171882  8.3248513419  0.5705361813  0.7939982414  0.5705361813  600           0.2185891175 
0.0238328030  0.7464645382  0.7348906987  0.7346654524  0.7256750964  0.7405582043  0.7246035148  9.7123265656  0.5651240063  0.7939982414  0.5651240063  700           0.1328965831 
0.0225870692  0.7462502678  0.7331761680  0.7281298548  0.7224603515  0.7308619489  0.7091727390  11.099801789  0.5629337144  0.7939982414  0.5629337144  800           0.1009165907 
0.0208520659  0.7473751875  0.7278182598  0.7249156265  0.7177453922  0.7486473456  0.7188169739  12.487277012  0.5615535131  0.7939982414  0.5615535131  900           0.1338906121 
0.0195092885  0.7536425970  0.7321045864  0.7322547812  0.7246035148  0.7496116141  0.7213887698  13.874752236  0.5468400404  0.7939982414  0.5468400404  1000          0.1333990812 
0.0176782999  0.7658024427  0.7342477497  0.7312905127  0.7265323618  0.7525579900  0.7113159023  15.262227460  0.5488557965  0.7939982414  0.5488557965  1100          0.1273433805 
0.0171542478  0.7644096850  0.7250321474  0.7193978679  0.7171024432  0.7651470509  0.7160308616  16.649702683  0.5323749930  0.7939982414  0.5323749930  1200          0.1299022198 
0.0161843369  0.7871223484  0.7306043721  0.7249156265  0.7205315045  0.7590935876  0.6952421775  18.037177907  0.5124036038  0.7939982414  0.5124036038  1300          0.0815295506 
0.0153514913  0.7791943433  0.6990998714  0.7043445653  0.7018859837  0.7923072802  0.7136733819  19.424653131  0.4962021589  0.7939982414  0.4962021589  1400          0.0848851633 
0.0164120956  0.7759267195  0.6673810544  0.6712915841  0.6701671667  0.8066105962  0.7078868410  20.812128354  0.4711539650  0.7939982414  0.4711539650  1500          0.0821097803 
0.0184468351  0.7856224555  0.6540934419  0.6547918787  0.6562366052  0.8091284084  0.6643806258  22.199603578  0.4442082307  0.7939982414  0.4442082307  1600          0.1801059413 
0.0201096157  0.8480287122  0.6770252893  0.6728451278  0.6744534934  0.8617881824  0.6847406772  23.587078802  0.3929202211  0.7939982414  0.3929202211  1700          0.1344887185 
0.0219746489  0.8416541676  0.6515216459  0.6558097177  0.6500214316  0.8699308941  0.6783111873  24.974554025  0.3475675467  0.7939982414  0.3475675467  1800          0.1174656701 
0.0236999637  0.8839190058  0.6414487784  0.6363100659  0.6472353193  0.9100016071  0.6930990141  26.362029249  0.3090090780  0.7939982414  0.3090090780  1900          0.1111345959 
0.0262185537  0.9057745875  0.6568795542  0.6463813146  0.6517359623  0.9255370440  0.6723103300  27.749504473  0.2541614494  0.7939982414  0.2541614494  2000          0.1201062632 
0.0295993679  0.9236125991  0.6474496357  0.6448813414  0.6405915131  0.9427867360  0.6620231462  29.136979696  0.2120603940  0.7939982414  0.2120603940  2100          0.1189995337 
0.0331067349  0.9445039640  0.6502357480  0.6426849521  0.6367338191  0.9571436224  0.6603086155  30.524454920  0.1682252374  0.7939982414  0.1682252374  2200          0.1320677090 
0.0361021933  0.9537175916  0.6545220746  0.6512026571  0.6440205744  0.9649649113  0.6633090441  31.911930144  0.1347158902  0.7939982414  0.1347158902  2300          0.1324221587 
0.0389130196  0.9764838226  0.6431633090  0.6372207639  0.6491641663  0.9781432474  0.6530218603  33.299405367  0.1113477308  0.7939982414  0.1113477308  2400          0.0809255624 
0.0420886245  0.9822691236  0.6695242177  0.6512562276  0.6594513502  0.9793753683  0.6335190742  34.686880591  0.0838420607  0.7939982414  0.0838420607  2500          0.0828616786 
0.0451969700  0.9880008571  0.6605229318  0.6529169122  0.6596656665  0.9886966304  0.6483069010  36.074355815  0.0662034152  0.7939982414  0.0662034152  2600          0.0832874727 
0.0506740729  0.9935718877  0.6855979426  0.6686666310  0.6772396057  0.9870359458  0.6320188598  37.461831038  0.0460834997  0.7939982414  0.0460834997  2700          0.1788656378 
0.0522393242  0.9860724234  0.6373767681  0.6297208978  0.6472353193  0.9913751540  0.6530218603  38.849306262  0.0461421011  0.7939982414  0.0461421011  2800          0.1390186834 
0.0551641624  0.9920184273  0.6429489927  0.6356672202  0.6371624518  0.9938929662  0.6489498500  40.236781486  0.0360368104  0.7939982414  0.0360368104  2900          0.1545540595 
0.0569363040  0.9917505892  0.6517359623  0.6437563615  0.6555936562  0.9940536776  0.6446635234  41.624256709  0.0268819422  0.7939982414  0.0268819422  3000          0.1438605571 
0.0572866812  0.9958752946  0.6693099014  0.6516847913  0.6560222889  0.9934644024  0.6251607372  43.011731933  0.0287474686  0.7939982414  0.0287474686  3100          0.1518011284 
0.0592040325  0.9968395115  0.6678096871  0.6503991000  0.6534504929  0.9929286977  0.6258036862  44.399207157  0.0228422016  0.7939982414  0.0228422016  3200          0.1432900476 
0.0599288039  0.9978572959  0.6650235748  0.6473991536  0.6543077583  0.9978571811  0.6373767681  45.786682380  0.0210722667  0.7939982414  0.0210722667  3300          0.0812462330 
0.0598110327  0.9909470752  0.6545220746  0.6426313816  0.6540934419  0.9916430064  0.6478782683  47.174157604  0.0260495475  0.7939982414  0.0260495475  3400          0.0819405818 
0.0585981492  0.9936790229  0.6753107587  0.6578989661  0.6639519931  0.9916430064  0.6296613802  48.561632828  0.0329064673  0.7939982414  0.0329064673  3500          0.0834382701 
0.0591895919  0.9920184273  0.6480925847  0.6410242674  0.6538791256  0.9919644292  0.6476639520  49.949108051  0.0352539022  0.7939982414  0.0352539022  3600          0.0811281204 
0.0613296153  0.9964109706  0.6701671667  0.6533454760  0.6637376768  0.9935715434  0.6264466352  51.336583275  0.0277082806  0.7939982414  0.0277082806  3700          0.1529690671 
0.0627951357  0.9960359974  0.6643806258  0.6501312477  0.6498071153  0.9941608186  0.6470210030  52.724058499  0.0216916644  0.7939982414  0.0216916644  3800          0.1198595905 
0.0654834275  0.9978572959  0.6667381054  0.6524883484  0.6521645949  0.9985000268  0.6403771967  54.111533722  0.0139576075  0.7939982414  0.0139576075  3900          0.1435021067 
0.0672489235  0.9981251339  0.6410201457  0.6392028714  0.6431633090  0.9989821610  0.6639519931  55.499008946  0.0083001559  0.7939982414  0.0083001559  4000          0.1135612202 
0.0697812701  0.9996250268  0.6588084012  0.6486848449  0.6573081869  0.9997857181  0.6510930133  56.886484169  0.0055119727  0.7939982414  0.0055119727  4100          0.1211647367 
0.0716759714  1.0000000000  0.6656665238  0.6517919323  0.6581654522  0.9998928591  0.6457351050  58.273959393  0.0024692800  0.7939982414  0.0024692800  4200          0.1196163201 
0.0739794373  1.0000000000  0.6620231462  0.6541490331  0.6558079726  0.9999464295  0.6463780540  59.661434617  0.0013116279  0.7939982414  0.0013116279  4300          0.0776451778 
0.0746546660  0.9987679451  0.6667381054  0.6567739862  0.6628804115  0.9992500134  0.6360908701  61.048909840  0.0015753480  0.7939982414  0.0015753480  4400          0.0793781209 
0.0719537663  0.9980715663  0.6620231462  0.6522204961  0.6598799829  0.9945358119  0.6350192885  62.436385064  0.0049402660  0.7939982414  0.0049402660  4500          0.0775663900 
0.0600367011  0.9898221556  0.6624517788  0.6531311941  0.6573081869  0.9754111534  0.6315902272  63.823860288  0.0410198551  0.7939982414  0.0410198551  4600          0.0791499233 
0.0567087113  0.9765373902  0.6236605229  0.6186853806  0.6255893699  0.9893930466  0.6695242177  65.211335511  0.0534221292  0.7939982414  0.0534221292  4700          0.1673479223 
0.0569508708  0.9921255625  0.6654522075  0.6568811271  0.6570938706  0.9827503080  0.6300900129  66.598810735  0.0459292518  0.7939982414  0.0459292518  4800          0.1183052254 
0.0603763675  0.9948575102  0.6658808401  0.6535061874  0.6652378911  0.9898751808  0.6358765538  67.986285959  0.0298450161  0.7939982414  0.0298450161  4900          0.1301916385 
0.0618211355  0.9981787015  0.6637376768  0.6502919591  0.6603086155  0.9955000804  0.6410201457  69.373761182  0.0201587485  0.7939982414  0.0201587485  5000          0.1268656182 
