Environment:
	Python: 3.6.8
	PyTorch: 1.7.1
	Torchvision: 0.8.2
	CUDA: 10.2
	CUDNN: 7605
	NumPy: 1.19.5
	PIL: 8.3.2
Args:
	algorithm: IB_ERM
	checkpoint_freq: None
	data_dir: ./domainbed/data/MNIST
	dataset: ColoredMNIST
	holdout_fraction: 0.2
	hparams: None
	hparams_seed: 2
	output_dir: ./sweep_ib_cmnist/d17401600fcaa6ef5b6adf50fd89b4e6
	save_model_every_checkpoint: False
	seed: 30831153
	skip_model_save: False
	steps: None
	task: domain_generalization
	test_envs: [0]
	trial_seed: 1
	uda_holdout_fraction: 0
HParams:
	batch_size: 61
	class_balanced: False
	data_augmentation: True
	ib_lambda: 60.89776169157783
	ib_penalty_anneal_iters: 352
	lr: 0.0025521952552627065
	nonlinear_classifier: False
	resnet18: False
	resnet_dropout: 0.5
	weight_decay: 0.0
IB_penalty    env0_in_acc   env0_out_acc  env1_in_acc   env1_out_acc  env2_in_acc   env2_out_acc  epoch         loss          mem_gb        nll           step          step_time    
0.0188074261  0.5079815727  0.5004286327  0.5090266245  0.5075010716  0.5072587990  0.5040720103  0.0000000000  0.6962862015  0.1905879974  0.6962862015  0             0.7719924450 
0.1032548011  0.1007070924  0.0987998285  0.1995500080  0.1978139734  0.8989125194  0.8996999571  0.3267798789  0.7251664031  0.1947407722  0.7251664031  100           0.0373204923 
0.1031187945  0.1007070924  0.0987998285  0.1995500080  0.1978139734  0.8989125194  0.8996999571  0.6535597579  0.6899579746  0.1947407722  0.6899579746  200           0.0931560707 
0.1096557271  0.1007070924  0.0987998285  0.1995500080  0.1978139734  0.8989125194  0.8996999571  0.9803396368  0.6895869523  0.1947407722  0.6895869523  300           0.0943348169 
0.0567466746  0.5072316263  0.4995713673  0.5085980607  0.5066438063  0.5079552151  0.5045006429  1.3071195157  0.8064191842  0.1947407722  0.8064191842  400           0.0784466410 
0.0001181322  0.2698735805  0.2614659237  0.3392617989  0.3407629661  0.8429313762  0.8420488641  1.6338993947  0.7004790139  0.1947407722  0.7004790139  500           0.0925180125 
0.0000425181  0.5072851939  0.5000000000  0.5087587722  0.5068581226  0.5090266245  0.5051435919  1.9606792736  0.6947821540  0.1947407722  0.6947821540  600           0.0678155470 
0.0000364510  0.4763231198  0.4674239177  0.4895805432  0.4856408058  0.5833288691  0.5859408487  2.2874591525  0.6935182816  0.1947407722  0.6935182816  700           0.0781944418 
0.0000400383  0.4132740519  0.4027003858  0.4445277763  0.4504929276  0.7023624578  0.6997428204  2.6142390314  0.6922841185  0.1947407722  0.6922841185  800           0.0632227659 
0.0000690120  0.5018212985  0.5047149593  0.5261156051  0.5270038577  0.6858091820  0.6804543506  2.9410189104  0.6866599250  0.1947407722  0.6866599250  900           0.0445868731 
0.0001219083  0.4895007499  0.4922846121  0.5141693898  0.5175739391  0.6775057588  0.6830261466  3.2677987893  0.6793216199  0.1947407722  0.6793216199  1000          0.0436252904 
0.0001321158  0.5430147847  0.5385769396  0.5726683452  0.5752250321  0.7296833985  0.7323189027  3.5945786682  0.6686670417  0.1947407722  0.6686670417  1100          0.0454845977 
0.0001638168  0.6317227341  0.6170167167  0.6461670327  0.6508786970  0.7270048749  0.7344620660  3.9213585472  0.6543725538  0.1947407722  0.6543725538  1200          0.0411105633 
0.0002064954  0.6433469038  0.6335190742  0.6617560401  0.6594513502  0.7290405528  0.7323189027  4.2481384261  0.6343768513  0.1947407722  0.6343768513  1300          0.1239151740 
0.0001845422  0.6645596743  0.6485212173  0.6780950340  0.6817402486  0.7330047678  0.7370338620  4.5749183050  0.6314058042  0.1947407722  0.6314058042  1400          0.0887611747 
0.0001868342  0.6528819370  0.6459494213  0.6637381475  0.6716673811  0.7277548615  0.7316759537  4.9016981840  0.6222739530  0.1947407722  0.6222739530  1500          0.0823293471 
0.0001949538  0.6688450825  0.6568795542  0.6872020142  0.6858122589  0.7420581775  0.7421774539  5.2284780629  0.6108401394  0.1947407722  0.6108401394  1600          0.0865679884 
0.0001753640  0.6781658453  0.6658808401  0.6937911823  0.6956708101  0.7433974393  0.7477496785  5.5552579418  0.6086180151  0.1947407722  0.6086180151  1700          0.0979330397 
0.0001764379  0.6702378402  0.6620231462  0.6865055981  0.6879554222  0.7429153051  0.7434633519  5.8820378208  0.6055785412  0.1947407722  0.6055785412  1800          0.0848478484 
0.0001588467  0.6812727662  0.6710244321  0.6992018000  0.6973853408  0.7432367279  0.7460351479  6.2088176997  0.6035516369  0.1947407722  0.6035516369  1900          0.0873614860 
0.0001530974  0.6751660596  0.6654522075  0.6936840414  0.6948135448  0.7492366208  0.7496785255  6.5355975786  0.6016172230  0.1947407722  0.6016172230  2000          0.0425642347 
0.0001620365  0.6797728734  0.6643806258  0.6972196925  0.6939562795  0.7454331173  0.7443206172  6.8623774575  0.6014556235  0.1947407722  0.6014556235  2100          0.0438013983 
0.0001503288  0.7039318620  0.6930990141  0.7159693577  0.7173167595  0.7435581507  0.7432490356  7.1891573365  0.5959008265  0.1947407722  0.5959008265  2200          0.0438288498 
0.0001435920  0.6988965074  0.6868838405  0.7108265924  0.7068152593  0.7363261370  0.7372481783  7.5159372154  0.5988455072  0.1947407722  0.5988455072  2300          0.0393360996 
0.0001275652  0.6921469895  0.6834547793  0.7087909144  0.7029575654  0.7478437885  0.7468924132  7.8427170943  0.5998735642  0.1947407722  0.5998735642  2400          0.0356007242 
0.0001269072  0.6864688237  0.6770252893  0.7022017464  0.6967423918  0.7399689291  0.7406772396  8.1694969733  0.5975360608  0.1947407722  0.5975360608  2500          0.0744043851 
0.0001245652  0.6995393186  0.6903129018  0.7151122301  0.7093870553  0.7462902448  0.7488212602  8.4962768522  0.5963410759  0.1947407722  0.5963410759  2600          0.1000526285 
0.0001255889  0.7089136490  0.7012430347  0.7226120962  0.7175310759  0.7424867413  0.7385340763  8.8230567311  0.5899089772  0.1947407722  0.5899089772  2700          0.0839855385 
0.0001300375  0.7045746732  0.6984569224  0.7190228746  0.7102443206  0.7395939358  0.7376768110  9.1498366101  0.5781978408  0.1947407722  0.5781978408  2800          0.0984934688 
0.0001271032  0.7021105635  0.6963137591  0.7189693041  0.7168881269  0.7476295066  0.7458208315  9.4766164890  0.5797143254  0.1947407722  0.5797143254  2900          0.0776513076 
0.0001156487  0.6847010928  0.6738105444  0.7017731826  0.6988855551  0.7519151444  0.7507501072  9.8033963679  0.5840218353  0.1947407722  0.5840218353  3000          0.0653724742 
0.0001121683  0.7022712663  0.6928846978  0.7200407136  0.7145306472  0.7466652381  0.7419631376  10.130176246  0.5846778578  0.1947407722  0.5846778578  3100          0.0876052380 
0.0001095797  0.7043068352  0.6984569224  0.7212192639  0.7145306472  0.7464509562  0.7438919846  10.456956125  0.5870016158  0.1947407722  0.5870016158  3200          0.0425293517 
0.0001068276  0.7100921363  0.7046720960  0.7246477741  0.7168881269  0.7465580972  0.7408915559  10.783736004  0.5829800463  0.1947407722  0.5829800463  3300          0.0385290527 
0.0001114211  0.7092350546  0.7010287184  0.7274870092  0.7205315045  0.7452188354  0.7423917703  11.110515883  0.5768341526  0.1947407722  0.5768341526  3400          0.0432821679 
0.0001075120  0.7083244054  0.7010287184  0.7273262977  0.7207458208  0.7447367011  0.7417488213  11.437295762  0.5792623666  0.1947407722  0.5792623666  3500          0.0411113644 
0.0001001698  0.6904328262  0.6813116159  0.7112551562  0.7031718817  0.7500401779  0.7430347192  11.764075641  0.5837844980  0.1947407722  0.5837844980  3600          0.0905726624 
0.0001012719  0.7156631669  0.7087441063  0.7320940697  0.7207458208  0.7385225264  0.7353193313  12.090855520  0.5806222636  0.1947407722  0.5806222636  3700          0.0942684555 
0.0000978966  0.7052710521  0.6975996571  0.7261477474  0.7153879126  0.7491294798  0.7449635662  12.417635399  0.5787658852  0.1947407722  0.5787658852  3800          0.0708770871 
0.0000969156  0.7067173773  0.6988855551  0.7273262977  0.7153879126  0.7504687416  0.7443206172  12.744415278  0.5767638090  0.1947407722  0.5767638090  3900          0.0884354901 
0.0000955643  0.6996464538  0.6911701672  0.7206835592  0.7098156880  0.7540579633  0.7432490356  13.071195157  0.5799122721  0.1947407722  0.5799122721  4000          0.0753738570 
0.0000968746  0.6918791515  0.6890270039  0.7202549954  0.7072438920  0.7534686881  0.7449635662  13.397975036  0.5738618815  0.1947407722  0.5738618815  4100          0.0901508999 
0.0000969004  0.7176451682  0.7061723103  0.7367011303  0.7231033005  0.7422188889  0.7323189027  13.724754915  0.5686176628  0.1947407722  0.5686176628  4200          0.0752854180 
0.0000962296  0.6937004500  0.6868838405  0.7199871431  0.7061723103  0.7536293995  0.7456065152  14.051534794  0.5651177213  0.1947407722  0.5651177213  4300          0.0752657127 
0.0000947385  0.6876473109  0.6785255036  0.7140943912  0.7018859837  0.7598435742  0.7464637805  14.378314673  0.5669347361  0.1947407722  0.5669347361  4400          0.0388452816 
0.0000907565  0.6851296336  0.6806686670  0.7143086731  0.6988855551  0.7565757754  0.7445349336  14.705094551  0.5765561631  0.1947407722  0.5765561631  4500          0.0391900992 
0.0000985738  0.6984143990  0.6903129018  0.7279155729  0.7096013716  0.7377725398  0.7231033005  15.031874430  0.5546404347  0.1947407722  0.5546404347  4600          0.0387875152 
0.0000927715  0.7066102421  0.7048864123  0.7325226335  0.7147449636  0.7491294798  0.7353193313  15.358654309  0.5607199970  0.1947407722  0.5607199970  4700          0.0386870503 
0.0000995578  0.6958967217  0.6903129018  0.7259870359  0.7072438920  0.7590935876  0.7426060866  15.685434188  0.5518206230  0.1947407722  0.5518206230  4800          0.0338212514 
0.0000912773  0.7164666810  0.7119588513  0.7430224460  0.7263180454  0.7483259228  0.7306043721  16.012214067  0.5564737901  0.1947407722  0.5564737901  4900          0.0879634333 
0.0000923466  0.6950932076  0.6907415345  0.7327904859  0.7076725246  0.7538972518  0.7273896271  16.338993946  0.5540751553  0.1947407722  0.5540751553  5000          0.0968866086 
