Environment:
	Python: 3.6.8
	PyTorch: 1.7.1
	Torchvision: 0.8.2
	CUDA: 10.2
	CUDNN: 7605
	NumPy: 1.19.5
	PIL: 8.3.2
Args:
	algorithm: IB_ERM
	checkpoint_freq: None
	data_dir: ./domainbed/data/MNIST
	dataset: ColoredMNIST
	holdout_fraction: 0.2
	hparams: None
	hparams_seed: 0
	output_dir: ./sweep_ib_cmnist/cc4013eced56ad6b299bdd2bc0cee4ab
	save_model_every_checkpoint: False
	seed: 1410081180
	skip_model_save: False
	steps: None
	task: domain_generalization
	test_envs: [1, 2]
	trial_seed: 1
	uda_holdout_fraction: 0
HParams:
	batch_size: 64
	class_balanced: False
	data_augmentation: True
	ib_lambda: 100.0
	ib_penalty_anneal_iters: 500
	lr: 0.001
	nonlinear_classifier: False
	resnet18: False
	resnet_dropout: 0.0
	weight_decay: 0.0
IB_penalty    env0_in_acc   env0_out_acc  env1_in_acc   env1_out_acc  env2_in_acc   env2_out_acc  epoch         loss          mem_gb        nll           step          step_time    
0.0261538569  0.5753696165  0.5848692670  0.5531151229  0.5544363480  0.4098676809  0.4022717531  0.0000000000  0.6954351664  0.0979819298  0.6954351664  0             0.1811976433 
0.1704853630  0.8964538247  0.9065580797  0.7977178979  0.8043291899  0.0988375208  0.1015859408  0.3428510205  0.3537741764  0.1021347046  0.3537741764  100           0.0563371825 
0.1737748171  0.8964538247  0.9065580797  0.7977178979  0.8043291899  0.0988375208  0.1015859408  0.6857020410  0.3338364354  0.1021347046  0.3338364354  200           0.0668764520 
0.1670859285  0.8964538247  0.9065580797  0.7977178979  0.8043291899  0.0988375208  0.1015859408  1.0285530616  0.3468609892  0.1021347046  0.3468609892  300           0.0770630479 
0.1578835447  0.8964538247  0.9065580797  0.7977178979  0.8043291899  0.0988375208  0.1015859408  1.3714040821  0.3496384393  0.1021347046  0.3496384393  400           0.0892103767 
0.1509941828  0.8964538247  0.9065580797  0.7977178979  0.8043291899  0.0988375208  0.1015859408  1.7142551026  0.4684898295  0.1021347046  0.4684898295  500           0.0297827625 
0.0023555485  0.8734197557  0.8789112730  0.7803074945  0.7880411487  0.1265334548  0.1326618088  2.0571061231  0.9053730881  0.1021347046  0.9053730881  600           0.0291464114 
0.0005278310  0.5527105207  0.5520788684  0.5481866395  0.5372910416  0.4817592543  0.4965709387  2.3999571436  0.6575307870  0.1021347046  0.6575307870  700           0.0297677016 
0.0008322754  0.8964538247  0.9065580797  0.7977178979  0.8043291899  0.0988375208  0.1015859408  2.7428081641  0.5876059508  0.1021347046  0.5876059508  800           0.0316721535 
0.0009310625  0.8964538247  0.9065580797  0.7977178979  0.8043291899  0.0988375208  0.1015859408  3.0856591847  0.5296463540  0.1021347046  0.5296463540  900           0.0328877544 
0.0009274698  0.8964538247  0.9065580797  0.7977178979  0.8043291899  0.0988375208  0.1015859408  3.4285102052  0.4933207157  0.1021347046  0.4933207157  1000          0.0306947398 
0.0008105834  0.8964538247  0.9065580797  0.7977178979  0.8043291899  0.0988375208  0.1015859408  3.7713612257  0.4704626951  0.1021347046  0.4704626951  1100          0.1593542171 
0.0008107802  0.8964538247  0.9065580797  0.7977178979  0.8043291899  0.0988375208  0.1015859408  4.1142122462  0.4522255719  0.1021347046  0.4522255719  1200          0.0839992833 
0.0007404296  0.8964538247  0.9065580797  0.7977178979  0.8043291899  0.0988375208  0.1015859408  4.4570632667  0.4352627364  0.1021347046  0.4352627364  1300          0.0682820439 
0.0007072336  0.8964538247  0.9065580797  0.7977178979  0.8043291899  0.0988375208  0.1015859408  4.7999142872  0.4394886324  0.1021347046  0.4394886324  1400          0.0625344563 
0.0006289539  0.8964538247  0.9065580797  0.7977178979  0.8043291899  0.0988375208  0.1015859408  5.1427653078  0.4283353987  0.1021347046  0.4283353987  1500          0.0523817730 
0.0006456441  0.8964538247  0.9065580797  0.7976643274  0.8043291899  0.0989446617  0.1015859408  5.4856163283  0.4013205597  0.1021347046  0.4013205597  1600          0.0751411152 
0.0006338568  0.8964538247  0.9065580797  0.7977178979  0.8043291899  0.0988375208  0.1015859408  5.8284673488  0.4004322764  0.1021347046  0.4004322764  1700          0.0637423754 
0.0006003610  0.8964538247  0.9065580797  0.7977178979  0.8043291899  0.0988375208  0.1015859408  6.1713183693  0.3900625905  0.1021347046  0.3900625905  1800          0.0533983946 
0.0005701955  0.8964538247  0.9065580797  0.7977178979  0.8043291899  0.0988375208  0.1015859408  6.5141693898  0.3838345519  0.1021347046  0.3838345519  1900          0.0317257428 
0.0005332584  0.8964538247  0.9063437634  0.7977178979  0.8045435062  0.0988375208  0.1015859408  6.8570204103  0.3908182064  0.1021347046  0.3908182064  2000          0.0289480329 
0.0005062611  0.8965073923  0.9065580797  0.7973429046  0.8036862409  0.1024267424  0.1039434205  7.1998714309  0.3844949946  0.1021347046  0.3844949946  2100          0.0310948658 
0.0004990092  0.8964002571  0.9065580797  0.7977178979  0.8047578225  0.0996410778  0.1022288898  7.5427224514  0.3788869593  0.1021347046  0.3788869593  2200          0.0310775876 
0.0005020772  0.8964538247  0.9065580797  0.7977178979  0.8043291899  0.0988375208  0.1015859408  7.8855734719  0.3674218065  0.1021347046  0.3674218065  2300          0.0328482819 
0.0004732628  0.8964538247  0.9065580797  0.7976107570  0.8043291899  0.0988375208  0.1015859408  8.2284244924  0.3643491249  0.1021347046  0.3643491249  2400          0.1389151597 
0.0004556754  0.8964538247  0.9065580797  0.7977178979  0.8043291899  0.0988375208  0.1015859408  8.5712755129  0.3692174855  0.1021347046  0.3692174855  2500          0.0676558518 
0.0004398864  0.8964538247  0.9065580797  0.7976643274  0.8043291899  0.0988910912  0.1015859408  8.9141265335  0.3593952632  0.1021347046  0.3593952632  2600          0.0665126920 
0.0004255043  0.8961859867  0.9046292327  0.7961643542  0.8034719246  0.1071945144  0.1110158594  9.2569775540  0.3633847702  0.1021347046  0.3633847702  2700          0.0666552663 
0.0004177447  0.8964538247  0.9065580797  0.7976643274  0.8043291899  0.0988375208  0.1015859408  9.5998285745  0.3567741697  0.1021347046  0.3567741697  2800          0.0762447381 
0.0004288115  0.8964538247  0.9065580797  0.7977178979  0.8043291899  0.0990518026  0.1018002572  9.9426795950  0.3417320174  0.1021347046  0.3417320174  2900          0.0711060214 
0.0004080552  0.8963466895  0.9063437634  0.7977178979  0.8041148736  0.0990518026  0.1015859408  10.285530615  0.3445703183  0.1021347046  0.3445703183  3000          0.0681676698 
0.0004086812  0.8964538247  0.9063437634  0.7976643274  0.8043291899  0.0988910912  0.1015859408  10.628381636  0.3316438861  0.1021347046  0.3316438861  3100          0.0896512914 
0.0003675786  0.8965073923  0.9065580797  0.7976107570  0.8041148736  0.0993732255  0.1013716245  10.971232656  0.3513146152  0.1021347046  0.3513146152  3200          0.0330198336 
0.0003746512  0.8964002571  0.9054864981  0.7976643274  0.8043291899  0.1015696148  0.1037291042  11.314083677  0.3447838859  0.1021347046  0.3447838859  3300          0.0313883495 
0.0003564264  0.8966145275  0.9054864981  0.7979321798  0.8041148736  0.1015696148  0.1039434205  11.656934697  0.3514839518  0.1021347046  0.3514839518  3400          0.0344872284 
0.0003462658  0.8964538247  0.9065580797  0.7977178979  0.8043291899  0.0988375208  0.1015859408  11.999785718  0.3540540899  0.1021347046  0.3540540899  3500          0.0331133723 
0.0003470947  0.8965609599  0.9061294471  0.7969143408  0.8043291899  0.1024267424  0.1050150021  12.342636738  0.3412792814  0.1021347046  0.3412792814  3600          0.0322133517 
0.0003465837  0.8962931219  0.9044149164  0.7968607703  0.8036862409  0.1114801521  0.1103729104  12.685487759  0.3334921776  0.1021347046  0.3334921776  3700          0.0309270072 
0.0003469340  0.8965609599  0.9054864981  0.7975571865  0.8043291899  0.1013553329  0.1030861552  13.028338779  0.3242194818  0.1021347046  0.3242194818  3800          0.1490800238 
0.0003186760  0.8968287979  0.9042006001  0.7975571865  0.8045435062  0.1023731719  0.1041577368  13.371189800  0.3328377998  0.1021347046  0.3328377998  3900          0.0662806749 
0.0003230439  0.8955431755  0.9022717531  0.7969679113  0.8032576082  0.1152836556  0.1155165024  13.714040820  0.3275236343  0.1021347046  0.3275236343  4000          0.0723272800 
0.0003222537  0.8965073923  0.9050578654  0.7962714952  0.8039005572  0.1056409707  0.1095156451  14.056891841  0.3265470755  0.1021347046  0.3265470755  4100          0.0491184926 
0.0003202661  0.8967752303  0.9052721817  0.7977178979  0.8045435062  0.1017303262  0.1026575225  14.399742861  0.3231580457  0.1021347046  0.3231580457  4200          0.0584633803 
0.0003068080  0.8965609599  0.9024860694  0.7966464885  0.8034719246  0.1136765415  0.1153021860  14.742593882  0.3197127032  0.1021347046  0.3197127032  4300          0.0659424043 
0.0003143237  0.8961859867  0.8979854265  0.7950929448  0.8019717102  0.1283548508  0.1262323189  15.085444902  0.3108295476  0.1021347046  0.3108295476  4400          0.0506768203 
0.0002867343  0.8968823655  0.9039862838  0.7965929180  0.8030432919  0.1099801789  0.1118731247  15.428295923  0.3267257325  0.1021347046  0.3267257325  4500          0.0543222070 
0.0002864483  0.8967216627  0.9061294471  0.7978250388  0.8041148736  0.0999625007  0.1015859408  15.771146943  0.3221658128  0.1021347046  0.3221658128  4600          0.0693191528 
0.0003056996  0.8962931219  0.8962708958  0.7951465152  0.8021860266  0.1274441528  0.1255893699  16.113997964  0.3071925437  0.1021347046  0.3071925437  4700          0.0315258551 
0.0002954693  0.8976323120  0.9044149164  0.7971286227  0.8034719246  0.1048909841  0.1065152165  16.456848984  0.3091633251  0.1021347046  0.3091633251  4800          0.0321966004 
0.0002842503  0.8972573388  0.9054864981  0.7973964751  0.8047578225  0.1007660577  0.1024432062  16.799700005  0.3138212863  0.1021347046  0.3138212863  4900          0.0321047187 
0.0002752406  0.8972573388  0.9046292327  0.7976107570  0.8028289756  0.1071409439  0.1095156451  17.142551025  0.3130866876  0.1021347046  0.3130866876  5000          0.0310972118 
