Environment:
	Python: 3.6.8
	PyTorch: 1.7.1
	Torchvision: 0.8.2
	CUDA: 10.2
	CUDNN: 7605
	NumPy: 1.19.5
	PIL: 8.3.2
Args:
	algorithm: IB_IRM
	checkpoint_freq: None
	data_dir: ./domainbed/data/MNIST
	dataset: ColoredMNIST
	holdout_fraction: 0.2
	hparams: None
	hparams_seed: 4
	output_dir: ./sweep_ib_cmnist/7daa5bb053fa2597b0c6fd90f0efc7d6
	save_model_every_checkpoint: False
	seed: 1159350124
	skip_model_save: False
	steps: None
	task: domain_generalization
	test_envs: [2]
	trial_seed: 1
	uda_holdout_fraction: 0
HParams:
	batch_size: 66
	class_balanced: False
	data_augmentation: True
	ib_lambda: 71.9837674690448
	ib_penalty_anneal_iters: 1999
	irm_lambda: 54628.4133869617
	irm_penalty_anneal_iters: 8469
	lr: 0.0026225693030627445
	nonlinear_classifier: False
	resnet18: False
	resnet_dropout: 0.0
	weight_decay: 0.0
IB_penalty    IRM_penalty   env0_in_acc   env0_out_acc  env1_in_acc   env1_out_acc  env2_in_acc   env2_out_acc  epoch         loss          mem_gb        nll           step          step_time    
0.0203777999  0.0011306974  0.7349475037  0.7436776682  0.6798628596  0.6808829833  0.2524776343  0.2522503215  0.0000000000  0.7229884863  0.2027711868  0.7229884863  0             0.2739534378 
0.1676545986  0.0827345088  0.8968287979  0.9012001715  0.8053249049  0.7989712816  0.0986768093  0.0912987570  0.3535651149  0.5531405088  0.2069239616  0.5531405088  100           0.1003101707 
0.1744333331  0.0060551819  0.8968287979  0.9012001715  0.8053249049  0.7989712816  0.0986768093  0.0912987570  0.7071302298  0.4376426068  0.2069239616  0.4376426068  200           0.0999625993 
0.1781415994  0.0061441624  0.8968287979  0.9012001715  0.8053249049  0.7989712816  0.0986768093  0.0912987570  1.0606953447  0.4344625968  0.2069239616  0.4344625968  300           0.1099994206 
0.1755325116  0.0073244006  0.8968287979  0.9012001715  0.8053249049  0.7989712816  0.0986768093  0.0912987570  1.4142604596  0.4287308761  0.2069239616  0.4287308761  400           0.0496982861 
0.1727353965  0.0049117622  0.8968287979  0.9012001715  0.8053249049  0.7989712816  0.0986768093  0.0912987570  1.7678255745  0.4263746795  0.2069239616  0.4263746795  500           0.0494651341 
0.1683803914  0.0065690840  0.8968287979  0.9012001715  0.8053249049  0.7989712816  0.0986768093  0.0912987570  2.1213906895  0.4245574987  0.2069239616  0.4245574987  600           0.0522579527 
0.1587687194  0.0085811442  0.8968287979  0.9012001715  0.8053249049  0.7989712816  0.0986768093  0.0912987570  2.4749558044  0.4301943818  0.2069239616  0.4301943818  700           0.0519554520 
0.1547273146  0.0083531751  0.8968287979  0.9012001715  0.8053249049  0.7989712816  0.0986768093  0.0912987570  2.8285209193  0.4173922423  0.2069239616  0.4173922423  800           0.0525274944 
0.1560833129  0.0052186809  0.8968287979  0.9012001715  0.8053249049  0.7989712816  0.0986768093  0.0912987570  3.1820860342  0.4283730847  0.2069239616  0.4283730847  900           0.1926844764 
0.1516734058  0.0056059361  0.8968287979  0.9012001715  0.8053249049  0.7989712816  0.0986768093  0.0912987570  3.5356511491  0.4193458241  0.2069239616  0.4193458241  1000          0.0931061721 
0.1453903794  0.0071712425  0.8968287979  0.9012001715  0.8053249049  0.7989712816  0.0986768093  0.0912987570  3.8892162640  0.4150673383  0.2069239616  0.4150673383  1100          0.1127540922 
0.1361140735  0.0068578618  0.8968287979  0.9012001715  0.8053249049  0.7989712816  0.0986768093  0.0912987570  4.2427813789  0.4112853622  0.2069239616  0.4112853622  1200          0.1061763120 
0.1247275714  0.0054551692  0.8968287979  0.9012001715  0.8053249049  0.7989712816  0.0986768093  0.0912987570  4.5963464938  0.4122376385  0.2069239616  0.4122376385  1300          0.0947087884 
0.1082346270  0.0047525991  0.8968287979  0.9012001715  0.8053249049  0.7989712816  0.0986768093  0.0912987570  4.9499116087  0.4166533428  0.2069239616  0.4166533428  1400          0.0975792789 
0.0972538666  0.0061903547  0.8968287979  0.9012001715  0.8053249049  0.7989712816  0.0986768093  0.0912987570  5.3034767236  0.4045450366  0.2069239616  0.4045450366  1500          0.0947891927 
0.0836356620  0.0045987225  0.8968287979  0.9012001715  0.8053249049  0.7989712816  0.0986768093  0.0912987570  5.6570418385  0.3946338838  0.2069239616  0.3946338838  1600          0.0552178574 
0.0774533131  0.0036980795  0.8967752303  0.9012001715  0.8053249049  0.7989712816  0.0986768093  0.0912987570  6.0106069534  0.3873856190  0.2069239616  0.3873856190  1700          0.0491152263 
0.0765596092  0.0058657944  0.8968287979  0.9012001715  0.8053249049  0.7989712816  0.0987303798  0.0912987570  6.3641720684  0.3823547968  0.2069239616  0.3823547968  1800          0.0495405030 
0.0774163514  0.0057366535  0.8967752303  0.9007715388  0.8053249049  0.7987569653  0.0998017893  0.0927989713  6.7177371833  0.3799161217  0.2069239616  0.3799161217  1900          0.0524781132 
0.0754466061  0.0055703621  0.8209235055  0.8264037720  0.7721647828  0.7689669953  0.3744575990  0.3658379769  7.0713022982  0.4579333284  0.2069239616  0.4579333284  2000          0.0528735280 
0.0017891662  0.0121907477  0.8968287979  0.9012001715  0.8053784754  0.7989712816  0.0986768093  0.0912987570  7.4248674131  0.6648581678  0.2069239616  0.6648581678  2100          0.1712567997 
0.0010734105  0.0094829367  0.8968287979  0.9012001715  0.8053249049  0.7989712816  0.0986768093  0.0912987570  7.7784325280  0.5102082226  0.2069239616  0.5102082226  2200          0.1012944579 
0.0008040254  0.0092990155  0.8967752303  0.9012001715  0.8051641935  0.7987569653  0.0994803664  0.0915130733  8.1319976429  0.4658630800  0.2069239616  0.4658630800  2300          0.1124765348 
0.0006932190  0.0059550570  0.8958110135  0.9001285898  0.8047356297  0.7970424346  0.1071409439  0.1005143592  8.4855627578  0.4459985629  0.2069239616  0.4459985629  2400          0.1061072016 
0.0005648806  0.0064663602  0.8958645811  0.9009858551  0.8052713344  0.7985426489  0.1049981250  0.0960137162  8.8391278727  0.4339861891  0.2069239616  0.4339861891  2500          0.1059398723 
0.0005121675  0.0064901414  0.8961324191  0.9014144878  0.8055927573  0.7987569653  0.1010339101  0.0934419203  9.1926929876  0.4252558494  0.2069239616  0.4252558494  2600          0.0956964850 
0.0004635684  0.0047253736  0.8918470109  0.8969138448  0.8039856431  0.8024003429  0.1254620453  0.1163737677  9.5462581025  0.4137612328  0.2069239616  0.4137612328  2700          0.0980086899 
0.0004220471  0.0042884723  0.8964002571  0.9003429061  0.8048963411  0.7983283326  0.1050516955  0.0966566652  9.8998232174  0.4066070279  0.2069239616  0.4066070279  2800          0.0510488319 
0.0003718686  0.0041094336  0.8740625670  0.8741963138  0.7999142872  0.7931847407  0.1902287459  0.1881697385  10.253388332  0.4184067568  0.2069239616  0.4184067568  2900          0.0540120935 
0.0003600458  0.0045510651  0.8959181487  0.8992713245  0.8051641935  0.7985426489  0.1092301923  0.1000857265  10.606953447  0.4107633010  0.2069239616  0.4107633010  3000          0.0510459208 
0.0003461366  0.0052743918  0.8803299764  0.8819117017  0.8013606900  0.7931847407  0.1903358869  0.1958851264  10.960518562  0.3970420972  0.2069239616  0.3970420972  3100          0.0513766503 
0.0003190912  0.0036413883  0.8909363617  0.8932704672  0.8056463277  0.7991855979  0.1367654149  0.1303043292  11.314083677  0.4043128261  0.2069239616  0.4043128261  3200          0.0517444849 
0.0003052474  0.0029627656  0.8782408399  0.8784826404  0.8015214014  0.7882554651  0.1996035785  0.1965280754  11.667648792  0.3951817769  0.2069239616  0.3951817769  3300          0.2037002230 
0.0002942265  0.0044090512  0.8755624598  0.8782683240  0.8002357101  0.7852550364  0.2110676595  0.2102443206  12.021213906  0.3957611942  0.2069239616  0.3957611942  3400          0.0930495429 
0.0002805499  0.0024973725  0.8958645811  0.9001285898  0.8055927573  0.7985426489  0.1059088231  0.0968709816  12.374779021  0.3962883461  0.2069239616  0.3962883461  3500          0.0870845151 
0.0002740192  0.0050561691  0.8835440326  0.8834119160  0.8024856699  0.7901843120  0.1824610275  0.1823831976  12.728344136  0.3898677343  0.2069239616  0.3898677343  3600          0.0933599758 
0.0002768262  0.0037759875  0.8827405185  0.8829832833  0.8040927841  0.7916845264  0.1892109069  0.1830261466  13.081909251  0.3815408349  0.2069239616  0.3815408349  3700          0.0949758554 
0.0002468782  0.0038889054  0.8922219841  0.8941277325  0.8068248781  0.7938276897  0.1349440189  0.1249464209  13.435474366  0.3991961095  0.2069239616  0.3991961095  3800          0.0932086372 
0.0002384991  0.0045101526  0.8801692736  0.8806258037  0.8045749183  0.7933990570  0.1813360476  0.1718816974  13.789039481  0.3951692936  0.2069239616  0.3951692936  3900          0.1033645654 
0.0002360796  0.0048458887  0.8909899293  0.8924132019  0.8066105962  0.7955422203  0.1487116301  0.1465923703  14.142604596  0.3936203900  0.2069239616  0.3936203900  4000          0.0715091944 
0.0002301867  0.0028741875  0.8874008999  0.8874839263  0.8058070392  0.7906129447  0.1640863556  0.1562366052  14.496169711  0.3905658725  0.2069239616  0.3905658725  4100          0.0529182363 
0.0002309017  0.0052421257  0.8904006857  0.8889841406  0.8088069856  0.7963994856  0.1485509187  0.1480925847  14.849734826  0.3876548085  0.2069239616  0.3876548085  4200          0.0499119020 
0.0002355859  0.0029903304  0.8949539319  0.8966995285  0.8075748647  0.7957565366  0.1149622328  0.1090870124  15.203299941  0.3782923639  0.2069239616  0.3782923639  4300          0.0520266271 
0.0002189273  0.0023003853  0.8562245554  0.8516930990  0.7956286495  0.7931847407  0.2982268174  0.2921131590  15.556865056  0.3830923352  0.2069239616  0.3830923352  4400          0.0534473991 
0.0002174274  0.0040900737  0.8667773730  0.8696956708  0.7992178711  0.7781825975  0.2630310173  0.2558936991  15.910430170  0.3808995441  0.2069239616  0.3808995441  4500          0.2308047724 
0.0002224165  0.0021568115  0.8966145275  0.9003429061  0.8071463010  0.7983283326  0.1070873734  0.0987998285  16.263995285  0.3718889776  0.2069239616  0.3718889776  4600          0.1027500081 
0.0002129307  0.0030000657  0.8951146347  0.8975567938  0.8074141533  0.7974710673  0.1145336690  0.1086583798  16.617560400  0.3743501467  0.2069239616  0.3743501467  4700          0.0800951219 
0.0002064289  0.0027856313  0.8802764088  0.8776253751  0.8074141533  0.7826832405  0.2162104248  0.2104586369  16.971125515  0.3762441084  0.2069239616  0.3762441084  4800          0.0879191375 
0.0002112991  0.0025565320  0.8809192201  0.8771967424  0.8091819789  0.7852550364  0.2125140622  0.2061723103  17.324690630  0.3744041914  0.2069239616  0.3744041914  4900          0.0865266943 
0.0001951773  0.0042721543  0.8914184701  0.8904843549  0.8135211871  0.7933990570  0.1473723684  0.1435919417  17.678255745  0.3779217112  0.2069239616  0.3779217112  5000          0.1035962725 
