Environment:
	Python: 3.6.8
	PyTorch: 1.7.1
	Torchvision: 0.8.2
	CUDA: 10.2
	CUDNN: 7605
	NumPy: 1.19.5
	PIL: 8.3.2
Args:
	algorithm: IB_ERM
	checkpoint_freq: None
	data_dir: ./domainbed/data/MNIST
	dataset: ColoredMNIST
	holdout_fraction: 0.2
	hparams: None
	hparams_seed: 8
	output_dir: ./sweep_ib_cmnist/1dc6ffbeb9568c909ced7a8cef90b5c7
	save_model_every_checkpoint: False
	seed: 1107350632
	skip_model_save: False
	steps: None
	task: domain_generalization
	test_envs: [1, 2]
	trial_seed: 1
	uda_holdout_fraction: 0
HParams:
	batch_size: 10
	class_balanced: False
	data_augmentation: True
	ib_lambda: 87853.57896447823
	ib_penalty_anneal_iters: 262
	lr: 4.870824459827061e-05
	nonlinear_classifier: False
	resnet18: False
	resnet_dropout: 0.0
	weight_decay: 0.0
IB_penalty    env0_in_acc   env0_out_acc  env1_in_acc   env1_out_acc  env2_in_acc   env2_out_acc  epoch         loss          mem_gb        nll           step          step_time    
0.0226611756  0.7731947718  0.7783969138  0.7153800825  0.7036005144  0.2430492313  0.2413201886  0.0000000000  0.7574631572  0.0299339294  0.7574631572  0             0.2457013130 
0.1066197362  0.8994536105  0.9057008144  0.7994321530  0.7923274754  0.1004446349  0.1073724818  0.0535704720  0.3431221049  0.0299339294  0.3431221049  100           0.0629080224 
0.1184689618  0.8994536105  0.9057008144  0.7994321530  0.7923274754  0.1004446349  0.1073724818  0.1071409439  0.3396140032  0.0299339294  0.3396140032  200           0.0618941259 
0.0912262070  0.4916970216  0.4995713673  0.4982053892  0.5060008573  0.4921519259  0.5085726532  0.1607114159  793.46863448  0.0299339294  793.46863448  300           0.0777940989 
0.0011006251  0.4916970216  0.4995713673  0.4982053892  0.5060008573  0.4921519259  0.5085726532  0.2142818878  97.442671966  0.0299339294  97.442671966  400           0.0693541932 
0.0005070885  0.4787872295  0.4800685812  0.4912412278  0.4967852550  0.5332404778  0.5484354908  0.2678523598  45.255306243  0.0299339294  45.255306243  500           0.0500299144 
0.0002941270  0.5083029784  0.5004286327  0.5017946108  0.4939991427  0.5078480741  0.4914273468  0.3214228317  26.532236471  0.0299339294  26.532236471  600           0.0711241651 
0.0001719269  0.5083029784  0.5004286327  0.5017946108  0.4939991427  0.5078480741  0.4914273468  0.3749933037  15.798135623  0.0299339294  15.798135623  700           0.0613883591 
0.0001038776  0.4918041568  0.4995713673  0.4980982482  0.5057865409  0.4922590668  0.5085726532  0.4285637756  9.8203333998  0.0299339294  9.8203333998  800           0.0770008206 
0.0000680642  0.5083029784  0.5004286327  0.5017946108  0.4939991427  0.5078480741  0.4914273468  0.4821342476  6.6731682158  0.0299339294  6.6731682158  900           0.0343802309 
0.0000499330  0.5083029784  0.5004286327  0.5017946108  0.4939991427  0.5078480741  0.4914273468  0.5357047196  5.0788166499  0.0299339294  5.0788166499  1000          0.0344797492 
0.0000380614  0.5083029784  0.5004286327  0.5017946108  0.4939991427  0.5078480741  0.4914273468  0.5892751915  4.0383297491  0.0299339294  4.0383297491  1100          0.0354948306 
0.0000289508  0.5083029784  0.5004286327  0.5017946108  0.4939991427  0.5078480741  0.4914273468  0.6428456635  3.2366347456  0.0299339294  3.2366347456  1200          0.0350173020 
0.0000240537  0.5083029784  0.5004286327  0.5017946108  0.4939991427  0.5078480741  0.4914273468  0.6964161354  2.8039315104  0.0299339294  2.8039315104  1300          0.1588314772 
0.0000201386  0.5083029784  0.5004286327  0.5017946108  0.4939991427  0.5078480741  0.4914273468  0.7499866074  2.4618759000  0.0299339294  2.4618759000  1400          0.0738260841 
0.0000168057  0.5083029784  0.5004286327  0.5017946108  0.4939991427  0.5078480741  0.4914273468  0.8035570793  2.1686856174  0.0299339294  2.1686856174  1500          0.0637066364 
0.0000143617  0.5083029784  0.5004286327  0.5017946108  0.4939991427  0.5078480741  0.4914273468  0.8571275513  1.9552464998  0.0299339294  1.9552464998  1600          0.0708621716 
0.0000127112  0.4916970216  0.4995713673  0.4982053892  0.5060008573  0.4921519259  0.5085726532  0.9106980232  1.8109288990  0.0299339294  1.8109288990  1700          0.0695577168 
0.0000113391  0.5083029784  0.5004286327  0.5017946108  0.4939991427  0.5078480741  0.4914273468  0.9642684952  1.6888542426  0.0299339294  1.6888542426  1800          0.0728004670 
0.0000099942  0.5361045640  0.5272181740  0.5237049338  0.5218602658  0.4954732951  0.5004286327  1.0178389672  1.5723807311  0.0299339294  1.5723807311  1900          0.0652952051 
0.0000088841  0.4916970216  0.4995713673  0.4982053892  0.5060008573  0.4921519259  0.5085726532  1.0714094391  1.4739064956  0.0299339294  1.4739064956  2000          0.0652865577 
0.0000078893  0.5083029784  0.5004286327  0.5017946108  0.4939991427  0.5078480741  0.4914273468  1.1249799111  1.3868975925  0.0299339294  1.3868975925  2100          0.0294970417 
0.0000069258  0.5083029784  0.5004286327  0.5017946108  0.4939991427  0.5078480741  0.4914273468  1.1785503830  1.3019930696  0.0299339294  1.3019930696  2200          0.0302370000 
0.0000065180  0.5083029784  0.5004286327  0.5017946108  0.4939991427  0.5078480741  0.4914273468  1.2321208550  1.2655284953  0.0299339294  1.2655284953  2300          0.0315840745 
0.0000057768  0.5083029784  0.5004286327  0.5017946108  0.4939991427  0.5078480741  0.4914273468  1.2856913269  1.1988499200  0.0299339294  1.1988499200  2400          0.0295729661 
0.0000053766  0.5083029784  0.5004286327  0.5017946108  0.4939991427  0.5078480741  0.4914273468  1.3392617989  1.1642975807  0.0299339294  1.1642975807  2500          0.0270988584 
0.0000051075  0.5083029784  0.5004286327  0.5017946108  0.4939991427  0.5078480741  0.4914273468  1.3928322709  1.1404675591  0.0299339294  1.1404675591  2600          0.0276653862 
0.0000046029  0.5083029784  0.5004286327  0.5017946108  0.4939991427  0.5078480741  0.4914273468  1.4464027428  1.0989625514  0.0299339294  1.0989625514  2700          0.0899544740 
0.0000042843  0.5083029784  0.5004286327  0.5017946108  0.4939991427  0.5078480741  0.4914273468  1.4999732148  1.0698792166  0.0299339294  1.0698792166  2800          0.0588371181 
0.0000040053  0.5083029784  0.5004286327  0.5017946108  0.4939991427  0.5078480741  0.4914273468  1.5535436867  1.0455722302  0.0299339294  1.0455722302  2900          0.0706553197 
0.0000036386  0.5083029784  0.5004286327  0.5017946108  0.4939991427  0.5078480741  0.4914273468  1.6071141587  1.0133947241  0.0299339294  1.0133947241  3000          0.0514779925 
0.0000034298  0.4916970216  0.4995713673  0.4982053892  0.5060008573  0.4921519259  0.5085726532  1.6606846306  0.9949807155  0.0299339294  0.9949807155  3100          0.0487894750 
0.0000031794  0.5083029784  0.5004286327  0.5017946108  0.4939991427  0.5078480741  0.4914273468  1.7142551026  0.9727922070  0.0299339294  0.9727922070  3200          0.0406200194 
0.0000029277  0.5083029784  0.5004286327  0.5017946108  0.4939991427  0.5078480741  0.4914273468  1.7678255745  0.9507831180  0.0299339294  0.9507831180  3300          0.0579969406 
0.0000027608  0.5083029784  0.5004286327  0.5017946108  0.4939991427  0.5078480741  0.4914273468  1.8213960465  0.9364117581  0.0299339294  0.9364117581  3400          0.0532940173 
0.0000025980  0.4916970216  0.4995713673  0.4982053892  0.5060008573  0.4921519259  0.5085726532  1.8749665185  0.9214732152  0.0299339294  0.9214732152  3500          0.0275773025 
0.0000024443  0.5083029784  0.5004286327  0.5017946108  0.4939991427  0.5078480741  0.4914273468  1.9285369904  0.9090530425  0.0299339294  0.9090530425  3600          0.0271981812 
0.0000023338  0.4916970216  0.4995713673  0.4982053892  0.5060008573  0.4921519259  0.5085726532  1.9821074624  0.8984566194  0.0299339294  0.8984566194  3700          0.0279972267 
0.0000021693  0.5083029784  0.5004286327  0.5017946108  0.4939991427  0.5078480741  0.4914273468  2.0356779343  0.8840965426  0.0299339294  0.8840965426  3800          0.0295462513 
0.0000020284  0.5083029784  0.5004286327  0.5017946108  0.4939991427  0.5078480741  0.4914273468  2.0892484063  0.8710492444  0.0299339294  0.8710492444  3900          0.0271356440 
0.0000019243  0.4916970216  0.4995713673  0.4982053892  0.5060008573  0.4921519259  0.5085726532  2.1428188782  0.8627578527  0.0299339294  0.8627578527  4000          0.0265508389 
0.0000018057  0.4916970216  0.4995713673  0.4982053892  0.5060008573  0.4921519259  0.5085726532  2.1963893502  0.8523684442  0.0299339294  0.8523684442  4100          0.0743969202 
0.0000016505  0.4916970216  0.4995713673  0.4982053892  0.5060008573  0.4921519259  0.5085726532  2.2499598221  0.8392993283  0.0299339294  0.8392993283  4200          0.0541306520 
0.0000016062  0.4916970216  0.4995713673  0.4982053892  0.5060008573  0.4921519259  0.5085726532  2.3035302941  0.8350442982  0.0299339294  0.8350442982  4300          0.0613025689 
0.0000015186  0.5083029784  0.5004286327  0.5017946108  0.4939991427  0.5078480741  0.4914273468  2.3571007661  0.8271868837  0.0299339294  0.8271868837  4400          0.0520547676 
0.0000013787  0.5083029784  0.5004286327  0.5017946108  0.4939991427  0.5078480741  0.4914273468  2.4106712380  0.8148936987  0.0299339294  0.8148936987  4500          0.0591486907 
0.0000013370  0.5083029784  0.5004286327  0.5017946108  0.4939991427  0.5078480741  0.4914273468  2.4642417100  0.8108863014  0.0299339294  0.8108863014  4600          0.0556709909 
0.0000013112  0.5083029784  0.5004286327  0.5017946108  0.4939991427  0.5078480741  0.4914273468  2.5178121819  0.8083630592  0.0299339294  0.8083630592  4700          0.0590558624 
0.0000012160  0.5083029784  0.5004286327  0.5017946108  0.4939991427  0.5078480741  0.4914273468  2.5713826539  0.8002121329  0.0299339294  0.8002121329  4800          0.0579006696 
0.0000011489  0.4916970216  0.4995713673  0.4982053892  0.5060008573  0.4921519259  0.5085726532  2.6249531258  0.7946512771  0.0299339294  0.7946512771  4900          0.0274010134 
0.0000011019  0.5083029784  0.5004286327  0.5017946108  0.4939991427  0.5078480741  0.4914273468  2.6785235978  0.7904077351  0.0299339294  0.7904077351  5000          0.0282185864 
