Environment:
	Python: 3.6.8
	PyTorch: 1.7.1
	Torchvision: 0.8.2
	CUDA: 10.2
	CUDNN: 7605
	NumPy: 1.19.5
	PIL: 8.3.2
Args:
	algorithm: IB_IRM
	checkpoint_freq: None
	data_dir: ./domainbed/data/MNIST
	dataset: ColoredMNIST
	holdout_fraction: 0.2
	hparams: None
	hparams_seed: 7
	output_dir: ./sweep_ib_cmnist/b9271b744a7b43d4d7a66fe273d09f9f
	save_model_every_checkpoint: False
	seed: 1459121873
	skip_model_save: False
	steps: None
	task: domain_generalization
	test_envs: [1, 2]
	trial_seed: 1
	uda_holdout_fraction: 0
HParams:
	batch_size: 52
	class_balanced: False
	data_augmentation: True
	ib_lambda: 25.07081210189465
	ib_penalty_anneal_iters: 2277
	irm_lambda: 40366.45124230874
	irm_penalty_anneal_iters: 561
	lr: 0.0029879335085287863
	nonlinear_classifier: False
	resnet18: False
	resnet_dropout: 0.5
	weight_decay: 0.0
IB_penalty    IRM_penalty   env0_in_acc   env0_out_acc  env1_in_acc   env1_out_acc  env2_in_acc   env2_out_acc  epoch         loss          mem_gb        nll           step          step_time    
0.0215481035  -0.000008596  0.5125883865  0.5077153879  0.4990625167  0.5015002143  0.5051159801  0.5075010716  0.0000000000  0.6874663830  0.0802421570  0.6874663830  0             0.2385120392 
0.2078951292  0.1049760237  0.9008999357  0.8924132019  0.8062356029  0.7946849550  0.1020517491  0.0972996142  0.2785664542  0.5781864578  0.0843949318  0.5781864578  100           0.0739307523 
0.2955155939  0.0063387131  0.9008999357  0.8924132019  0.8062356029  0.7946849550  0.1020517491  0.0972996142  0.5571329083  0.3479986446  0.0843949318  0.3479986446  200           0.0646101952 
0.3059267178  0.0003156497  0.9008999357  0.8924132019  0.8062356029  0.7946849550  0.1020517491  0.0972996142  0.8356993625  0.3109493876  0.0843949318  0.3109493876  300           0.0705564570 
0.2979360056  0.0006351573  0.9008999357  0.8924132019  0.8062356029  0.7946849550  0.1020517491  0.0972996142  1.1142658167  0.3265326284  0.0843949318  0.3265326284  400           0.0629763484 
0.2905996591  -0.000333782  0.9008999357  0.8924132019  0.8062356029  0.7946849550  0.1020517491  0.0972996142  1.3928322709  0.3233777289  0.0843949318  0.3233777289  500           0.0611954856 
0.2643412562  0.0020267629  0.9008999357  0.8924132019  0.8062356029  0.7946849550  0.1020517491  0.0972996142  1.6713987250  54.520754774  0.0843949318  54.520754774  600           0.0654189587 
0.2578101283  -0.005064441  0.9008999357  0.8924132019  0.8062356029  0.7946849550  0.1020517491  0.0972996142  1.9499651792  -204.0129661  0.0843949318  -204.0129661  700           0.0379910064 
0.1966615495  -0.000351559  0.9008999357  0.8924132019  0.8062356029  0.7946849550  0.1020517491  0.0972996142  2.2285316334  -13.80170825  0.0843949318  -13.80170825  800           0.0383481789 
0.1827008611  0.0002964314  0.9008999357  0.8924132019  0.8062356029  0.7946849550  0.1020517491  0.0972996142  2.5070980875  12.353641133  0.0843949318  12.353641133  900           0.0365797281 
0.1833000687  0.0009051609  0.9008999357  0.8924132019  0.8062356029  0.7946849550  0.1020517491  0.0972996142  2.7856645417  36.902371226  0.0843949318  36.902371226  1000          0.0387441516 
0.1836000720  0.0018992732  0.9008999357  0.8924132019  0.8062356029  0.7946849550  0.1020517491  0.0972996142  3.0642309959  77.064575423  0.0843949318  77.064575423  1100          0.0371472979 
0.1781692271  0.0022242453  0.9008999357  0.8924132019  0.8062356029  0.7946849550  0.1020517491  0.0972996142  3.3427974500  90.191228814  0.0843949318  90.191228814  1200          0.0378847289 
0.1753164096  0.0034154178  0.9008999357  0.8924132019  0.8062356029  0.7946849550  0.1020517491  0.0972996142  3.6213639042  138.28830995  0.0843949318  138.28830995  1300          0.1143576169 
0.1788608690  -0.000514987  0.9008999357  0.8924132019  0.8062356029  0.7946849550  0.1020517491  0.0972996142  3.8999303584  -20.41364229  0.0843949318  -20.41364229  1400          0.0645238733 
0.1680352071  -0.000308206  0.9008999357  0.8924132019  0.8062356029  0.7946849550  0.1020517491  0.0972996142  4.1784968126  -12.06039531  0.0843949318  -12.06039531  1500          0.0602118373 
0.1666045024  0.0007518440  0.9008999357  0.8924132019  0.8062356029  0.7946849550  0.1020517491  0.0972996142  4.4570632667  30.693606915  0.0843949318  30.693606915  1600          0.0600496101 
0.1621212699  0.0018321579  0.9008999357  0.8924132019  0.8062356029  0.7946849550  0.1020517491  0.0972996142  4.7356297209  74.285363874  0.0843949318  74.285363874  1700          0.0756722951 
0.1599277683  -0.002296987  0.9008999357  0.8924132019  0.8062356029  0.7946849550  0.1020517491  0.0972996142  5.0141961751  -92.37982839  0.0843949318  -92.37982839  1800          0.0584093666 
0.1522823572  0.0030240115  0.9008999357  0.8924132019  0.8062356029  0.7946849550  0.1020517491  0.0972996142  5.2927626292  122.42889678  0.0843949318  122.42889678  1900          0.0599870300 
0.1490116422  -0.000228418  0.9008999357  0.8924132019  0.8062356029  0.7946849550  0.1020517491  0.0972996142  5.5713290834  -8.877096487  0.0843949318  -8.877096487  2000          0.0787980056 
0.1399059528  0.0016405904  0.9008999357  0.8924132019  0.8062356029  0.7946849550  0.1020517491  0.0972996142  5.8498955376  66.603413948  0.0843949318  66.603413948  2100          0.0397041631 
0.1250349470  0.0035707741  0.9008999357  0.8924132019  0.8062356029  0.7946849550  0.1020517491  0.0972996142  6.1284619918  144.47949503  0.0843949318  144.47949503  2200          0.0389280868 
0.1078951887  0.0041340627  0.8789372188  0.8735533648  0.7924144212  0.7846120874  0.1693362619  0.1673810544  6.4070284459  167.85129508  0.0843949318  167.85129508  2300          0.0397408700 
0.0947518675  0.0030004316  0.9008999357  0.8924132019  0.8062356029  0.7946849550  0.1020517491  0.0972996142  6.6855949001  123.94789291  0.0843949318  123.94789291  2400          0.0398421121 
0.1068725959  -0.001199911  0.9008999357  0.8924132019  0.8062356029  0.7946849550  0.1020517491  0.0972996142  6.9641613543  -45.38044775  0.0843949318  -45.38044775  2500          0.0373116493 
0.1030769705  0.0011041156  0.9008999357  0.8924132019  0.8062356029  0.7946849550  0.1020517491  0.0972996142  7.2427278084  47.533246431  0.0843949318  47.533246431  2600          0.1790063334 
0.0979636087  0.0031204520  0.9008999357  0.8924132019  0.8062356029  0.7946849550  0.1020517491  0.0972996142  7.5212942626  128.81417572  0.0843949318  128.81417572  2700          0.0830964303 
0.0936977497  0.0016204592  0.9008999357  0.8924132019  0.8062356029  0.7946849550  0.1020517491  0.0972996142  7.7998607168  68.180994916  0.0843949318  68.180994916  2800          0.0933662105 
0.0892441489  0.0042517802  0.9008999357  0.8924132019  0.8062356029  0.7946849550  0.1020517491  0.0972996142  8.0784271709  174.28509099  0.0843949318  174.28509099  2900          0.0885983849 
0.0909441125  0.0028037367  0.9008999357  0.8924132019  0.8062356029  0.7946849550  0.1020517491  0.0972996142  8.3569936251  115.87022959  0.0843949318  115.87022959  3000          0.0851681399 
0.0903239308  -0.001789337  0.9008999357  0.8924132019  0.8062356029  0.7946849550  0.1020517491  0.0972996142  8.6355600793  -69.53625473  0.0843949318  -69.53625473  3100          0.0707004595 
0.0908763245  0.0024683299  0.9008999357  0.8924132019  0.8062356029  0.7946849550  0.1020517491  0.0972996142  8.9141265335  102.31306853  0.0843949318  102.31306853  3200          0.0735466695 
0.0932586303  -0.002007154  0.9008999357  0.8924132019  0.8062356029  0.7946849550  0.1020517491  0.0972996142  9.1926929876  -78.32603431  0.0843949318  -78.32603431  3300          0.0375199175 
0.0836669465  0.0004747313  0.9008999357  0.8924132019  0.8062356029  0.7946849550  0.1020517491  0.0972996142  9.4712594418  21.692300705  0.0843949318  21.692300705  3400          0.0382267118 
0.0803852253  0.0029231625  0.8788300836  0.8733390484  0.7925751326  0.7852550364  0.1703541008  0.1697385341  9.7498258960  120.46330247  0.0843949318  120.46330247  3500          0.0380693841 
0.0832050504  0.0023257548  0.9008999357  0.8924132019  0.8062356029  0.7946849550  0.1020517491  0.0972996142  10.028392350  96.402418417  0.0843949318  96.402418417  3600          0.0380713797 
0.0774772364  0.0030857880  0.9008999357  0.8924132019  0.8062356029  0.7946849550  0.1020517491  0.0972996142  10.306958804  126.99059502  0.0843949318  126.99059502  3700          0.0365081334 
0.0756490555  0.0007425136  0.9005249625  0.8915559366  0.8061820325  0.7944706387  0.1025338833  0.0975139306  10.585525258  32.360084207  0.0843949318  32.360084207  3800          0.1381234741 
0.0833307894  -0.000181199  0.9008999357  0.8924132019  0.8062356029  0.7946849550  0.1020517491  0.0972996142  10.864091712  -4.799417040  0.0843949318  -4.799417040  3900          0.0793370938 
0.0837988386  -0.001335562  0.9008999357  0.8924132019  0.8062356029  0.7946849550  0.1020517491  0.0972996142  11.142658166  -51.41837560  0.0843949318  -51.41837560  4000          0.0905283856 
0.0780132817  0.0004930475  0.9008999357  0.8924132019  0.8062356029  0.7946849550  0.1020517491  0.0972996142  11.421224621  22.270421561  0.0843949318  22.270421561  4100          0.0762593961 
0.0791931120  0.0011064844  0.9008999357  0.8924132019  0.8062356029  0.7946849550  0.1020517491  0.0972996142  11.699791075  47.019112367  0.0843949318  47.019112367  4200          0.0744070053 
0.0780603613  -0.001202874  0.9008999357  0.8924132019  0.8062356029  0.7946849550  0.1020517491  0.0972996142  11.978357529  -46.19948550  0.0843949318  -46.19948550  4300          0.0704690719 
0.0737431417  -0.000891152  0.9008999357  0.8924132019  0.8062356029  0.7946849550  0.1020517491  0.0972996142  12.256923983  -33.69645869  0.0843949318  -33.69645869  4400          0.0748796248 
0.0755713015  -0.001194975  0.9008999357  0.8924132019  0.8062356029  0.7946849550  0.1020517491  0.0972996142  12.535490437  -45.94112208  0.0843949318  -45.94112208  4500          0.0525083590 
0.0756174126  0.0011368181  0.9008999357  0.8924132019  0.8062356029  0.7946849550  0.1020517491  0.0972996142  12.814056891  48.176140914  0.0843949318  48.176140914  4600          0.0383140159 
0.0715535170  -0.001341988  0.9008999357  0.8924132019  0.8062356029  0.7946849550  0.1020517491  0.0972996142  13.092623346  -51.95676933  0.0843949318  -51.95676933  4700          0.0402749228 
0.0644207758  0.0067474303  0.5125883865  0.5077153879  0.4990625167  0.5015002143  0.5051159801  0.5075010716  13.371189800  274.42597372  0.0843949318  274.42597372  4800          0.0400658512 
0.0653331346  -0.001459583  0.9008999357  0.8924132019  0.8062356029  0.7946849550  0.1020517491  0.0972996142  13.649756254  -56.82057223  0.0843949318  -56.82057223  4900          0.0382482600 
0.0707428390  0.0053943761  0.9008999357  0.8924132019  0.8062356029  0.7946849550  0.1020517491  0.0972996142  13.928322708  219.89522430  0.0843949318  219.89522430  5000          0.0651817322 
